1 3.235992
2 1.386861
3 1.055654
4 1.052022
5 1.00115
6 0.9439352
7 0.865377
8 0.772002
9 0.7666595
10 0.7550798
11 0.7341573
12 0.6876276
13 0.6010425
14 0.5645136
15 0.5436964
16 0.5385381
17 0.4849027
18 0.4707702
19 0.4635855
20 0.453611
21 0.4523478
22 0.4295567
23 0.4058709
24 0.4055287
25 0.3971071
26 0.3925278
27 0.3864221
28 0.3853957
29 0.3852641
30 0.3833956
31 0.3710789
32 0.3550251
33 0.3527355
34 0.3506827
35 0.3476299
36 0.3384976
37 0.3297075
38 0.3248914
39 0.3196016
40 0.3164961
41 0.3096009
42 0.2837833
43 0.283678
44 0.2811252
45 0.276967
46 0.2749405
47 0.2743352
48 0.2721508
49 0.2708613
50 0.2704929
51 0.2688875
52 0.2684927
53 0.2683611
54 0.2657293
55 0.2644661
56 0.2608606
57 0.2593868
58 0.2567813
59 0.2565971
60 0.2547286
61 0.2544127
62 0.252281
63 0.2498598
64 0.2492018
65 0.2481755
66 0.247307
67 0.2455437
68 0.2433593
69 0.241096
70 0.2390959
71 0.238859
72 0.2384906
73 0.238359
74 0.2354114
75 0.2345956
76 0.2292268
77 0.2287267
78 0.2236737
79 0.2214367
80 0.2209104
81 0.2205156
82 0.2193576
83 0.2176733
84 0.2173838
85 0.2170154
86 0.2163048
87 0.2152258
88 0.2150942
89 0.2139362
90 0.2083305
91 0.20812
92 0.2065409
93 0.2056725
94 0.2054356
95 0.2038565
96 0.2028828
97 0.2024091
98 0.2019617
99 0.200251
100 0.2001457
101 0.2000931
102 0.1997773
103 0.1994878
104 0.1978035
105 0.1970403
106 0.1944611
107 0.1940401
108 0.1938295
109 0.1937506
110 0.1933821
111 0.1922768
112 0.1920662
113 0.1914609
114 0.1905924
115 0.1899608
116 0.1890397
117 0.1889081
118 0.1876449
119 0.1858553
120 0.1839604
121 0.1832761
122 0.1810918
123 0.1808812
124 0.1801707
125 0.1798812
126 0.1794337
127 0.1787758
128 0.1780652
129 0.1736965
130 0.1734333
131 0.1731701
132 0.1718806
133 0.1715385
134 0.1686172
135 0.1663539
136 0.1641695
137 0.1641432
138 0.1640379
139 0.1640116
140 0.1636432
141 0.1587218
142 0.1583007
143 0.1579059
144 0.1553531
145 0.1553005
146 0.1546425
147 0.154432
148 0.1537477
149 0.1531424
150 0.1524582
151 0.1491685
152 0.1480368
153 0.1479842
154 0.147642
155 0.1475368
156 0.1474052
157 0.1472473
158 0.1457735
159 0.1453524
160 0.1442207
161 0.1429048
162 0.1415363
163 0.1400889
164 0.1389572
165 0.1384835
166 0.1372729
167 0.1372202
168 0.1370887
169 0.1365097
170 0.1364044
171 0.1353517
172 0.1347727
173 0.1338779
174 0.1337463
175 0.1335621
176 0.1331673
177 0.1328515
178 0.1328252
179 0.1327199
180 0.1325094
181 0.1315883
182 0.1307461
183 0.1306671
184 0.1306408
185 0.1302461
186 0.1296408
187 0.1295881
188 0.1290355
189 0.1285881
190 0.1277196
191 0.1269037
192 0.1267721
193 0.12593
194 0.1257194
195 0.1250615
196 0.1244562
197 0.1239035
198 0.1237719
199 0.1235877
200 0.1226403
201 0.1220876
202 0.121956
203 0.1219297
204 0.1216665
205 0.1214033
206 0.1211665
207 0.1210875
208 0.1202717
209 0.1190611
210 0.11864
211 0.11864
212 0.1181926
213 0.1180083
214 0.117982
215 0.1177978
216 0.117482
217 0.1160082
218 0.115745
219 0.1149818
220 0.114745
221 0.1138502
222 0.1137975
223 0.1134028
224 0.1129817
225 0.1124816
226 0.1114553
227 0.1113763
228 0.1110868
229 0.1105078
230 0.1096393
231 0.1095867
232 0.1092446
233 0.1089551
234 0.1087182
235 0.1083761
236 0.1079024
237 0.1078497
238 0.1077708
239 0.1049811
240 0.1048495
241 0.1040863
242 0.1040074
243 0.1037705
244 0.1035073
245 0.1024546
246 0.1022704
247 0.1021914
248 0.1019809
249 0.101244
250 0.1005861
251 0.1004808
252 0.09987549
253 0.09966495
254 0.09966495
255 0.099007
256 0.09892805
257 0.09837538
258 0.0982438
259 0.09803326
260 0.09755954
261 0.09729636
262 0.09648051
263 0.09608575
264 0.09566467
265 0.0955594
266 0.09542781
267 0.09519095
268 0.09492777
269 0.09490146
270 0.09455933
271 0.09379612
272 0.09219074
273 0.09166438
274 0.09148016
275 0.09142753
276 0.09061168
277 0.09053273
278 0.08966424
279 0.08913789
280 0.08890104
281 0.08874313
282 0.0876641
283 0.08763778
284 0.08755883
285 0.08716406
286 0.08616399
287 0.0854271
288 0.08505865
289 0.08469021
290 0.08384804
291 0.08282165
292 0.08253216
293 0.08240057
294 0.08171631
295 0.08116364
296 0.08100573
297 0.08097941
298 0.08097941
299 0.08068992
300 0.08068992
301 0.08055833
302 0.08055833
303 0.08053201
304 0.08047938
305 0.08026884
306 0.0796109
307 0.07937404
308 0.07926877
309 0.07890032
310 0.07858451
311 0.07850556
312 0.07837397
313 0.07834765
314 0.07832134
315 0.07824238
316 0.07818975
317 0.07800552
318 0.07758444
319 0.07718968
320 0.07716336
321 0.07661068
322 0.07632119
323 0.07624224
324 0.07624224
325 0.07600538
326 0.07566325
327 0.0755843
328 0.07526848
329 0.07490004
330 0.0748474
331 0.07482108
332 0.07476845
333 0.07355784
334 0.07339993
335 0.07332098
336 0.07313675
337 0.07311044
338 0.07292622
339 0.07237354
340 0.07208405
341 0.07195246
342 0.07145242
343 0.07105766
344 0.07063658
345 0.07061026
346 0.07018918
347 0.07003127
348 0.06997863
349 0.06982073
350 0.06979442
351 0.06934701
352 0.06932069
353 0.06908384
354 0.06905752
355 0.06855749
356 0.06839958
357 0.06834694
358 0.06821536
359 0.06818903
360 0.06808376
361 0.06795218
362 0.06792586
363 0.06782059
364 0.06782059
365 0.06771532
366 0.06763636
367 0.06755741
368 0.06747846
369 0.06747846
370 0.06684683
371 0.06658366
372 0.06637312
373 0.06618889
374 0.06613626
375 0.06603099
376 0.06584676
377 0.06584676
378 0.06576781
379 0.06576781
380 0.06542569
381 0.06537305
382 0.06537305
383 0.06534673
384 0.06492565
385 0.06460983
386 0.06453088
387 0.06437298
388 0.06429403
389 0.06379399
390 0.0636624
391 0.06363609
392 0.06339923
393 0.06334659
394 0.06268865
395 0.06239915
396 0.06237284
397 0.06213598
398 0.06200439
399 0.06163594
400 0.06147803
401 0.06121486
402 0.06103063
403 0.060978
404 0.06095168
405 0.06071482
406 0.06047796
407 0.06047796
408 0.0602411
409 0.06016215
410 0.05992529
411 0.05979371
412 0.05971476
413 0.05966212
414 0.05950421
415 0.05929367
416 0.0591884
417 0.05892522
418 0.05876732
419 0.05837255
420 0.05831992
421 0.0582936
422 0.05821465
423 0.05808306
424 0.05800411
425 0.05789883
426 0.05779357
427 0.05771461
428 0.05763566
429 0.05747775
430 0.05747775
431 0.05731985
432 0.05721457
433 0.05716194
434 0.05713562
435 0.05705667
436 0.05705667
437 0.05692508
438 0.05687245
439 0.05668823
440 0.05629346
441 0.05613555
442 0.05542497
443 0.05526707
444 0.05513548
445 0.05505653
446 0.0548723
447 0.05474072
448 0.05466177
449 0.05463545
450 0.05463545
451 0.05387223
452 0.05360906
453 0.0529248
454 0.05289848
455 0.05263531
456 0.05255635
457 0.05250372
458 0.05245108
459 0.05245108
460 0.05245108
461 0.05234581
462 0.05200368
463 0.05195105
464 0.05192473
465 0.05189841
466 0.05166155
467 0.05155628
468 0.05124047
469 0.05089834
470 0.05081939
471 0.05079307
472 0.05050357
473 0.05047726
474 0.0502404
475 0.04976668
476 0.04958246
477 0.04952982
478 0.04947719
479 0.04937192
480 0.04921401
481 0.04916137
482 0.04905611
483 0.0488982
484 0.04887188
485 0.04871397
486 0.04850343
487 0.04810867
488 0.04808235
489 0.04795076
490 0.04792444
491 0.04787181
492 0.04776654
493 0.04766127
494 0.04752968
495 0.04724019
496 0.04705596
497 0.04702964
498 0.04681911
499 0.04676647
500 0.04674015
501 0.04671383
502 0.04668751
503 0.04660856
504 0.04650329
505 0.04639802
506 0.04626643
507 0.04610853
508 0.04610853
509 0.04574008
510 0.04571376
511 0.04571376
512 0.04560849
513 0.04552954
514 0.04550322
515 0.04539795
516 0.04505582
517 0.04500319
518 0.04500319
519 0.04497687
520 0.04495055
521 0.04487159
522 0.04481896
523 0.04481896
524 0.04450315
525 0.04437156
526 0.04423997
527 0.04416102
528 0.04413471
529 0.04410839
530 0.04400311
531 0.04384521
532 0.04376626
533 0.04366098
534 0.0435294
535 0.04310831
536 0.04300304
537 0.04295041
538 0.04284514
539 0.0426346
540 0.04258196
541 0.04258196
542 0.04252933
543 0.04250301
544 0.04242406
545 0.04239774
546 0.04216088
547 0.04208193
548 0.04195034
549 0.0418977
550 0.04160821
551 0.04152926
552 0.04152926
553 0.04150294
554 0.04142398
555 0.04134503
556 0.0412924
557 0.0412924
558 0.04108186
559 0.0410029
560 0.04095027
561 0.04087131
562 0.040845
563 0.04081868
564 0.04071341
565 0.04060814
566 0.04060814
567 0.04034496
568 0.04000283
569 0.03987124
570 0.03984493
571 0.03981861
572 0.03981861
573 0.03971334
574 0.03960807
575 0.03958175
576 0.03947648
577 0.03929225
578 0.03929225
579 0.03926594
580 0.03908172
581 0.03866063
582 0.03858168
583 0.03829218
584 0.03826587
585 0.03802901
586 0.03795006
587 0.03784478
588 0.03768688
589 0.03750265
590 0.03750265
591 0.03747633
592 0.03745002
593 0.0374237
594 0.03737107
595 0.03729212
596 0.03729212
597 0.03721316
598 0.03716052
599 0.03671313
600 0.03668681
601 0.03655522
602 0.03639732
603 0.03626572
604 0.03623941
605 0.03616045
606 0.03605518
607 0.03602887
608 0.03594991
609 0.03587096
610 0.03581833
611 0.03579201
612 0.03573937
613 0.03571305
614 0.03566042
615 0.03560778
616 0.03552883
617 0.03544988
618 0.03544988
619 0.03537092
620 0.03537092
621 0.03534461
622 0.03529197
623 0.03521302
624 0.03510775
625 0.03508143
626 0.03508143
627 0.03502879
628 0.03500248
629 0.03494984
630 0.03494984
631 0.03489721
632 0.03487089
633 0.03484457
634 0.03481825
635 0.0347393
636 0.0347393
637 0.03468667
638 0.03468667
639 0.0345814
640 0.03455508
641 0.03450244
642 0.03442349
643 0.03437085
644 0.03434454
645 0.03416031
646 0.03413399
647 0.03394977
648 0.03389714
649 0.03387082
650 0.03379187
651 0.03371291
652 0.03371291
653 0.03371291
654 0.03366028
655 0.03366028
656 0.03355501
657 0.03347605
658 0.03344974
659 0.03334447
660 0.03334447
661 0.03331815
662 0.03329183
663 0.03316024
664 0.03313392
665 0.03313392
666 0.03302865
667 0.03271284
668 0.03229176
669 0.03213385
670 0.0320549
671 0.03179172
672 0.03147591
673 0.03142328
674 0.03139696
675 0.03137064
676 0.03126537
677 0.03123905
678 0.03113378
679 0.03105483
680 0.03097588
681 0.03094956
682 0.03068638
683 0.03060743
684 0.03060743
685 0.03052848
686 0.03050216
687 0.03047584
688 0.03042321
689 0.03021267
690 0.03005476
691 0.02989686
692 0.02987054
693 0.02971263
694 0.02971263
695 0.02958104
696 0.02958104
697 0.02955472
698 0.02950209
699 0.02939682
700 0.02929155
701 0.02897574
702 0.0289231
703 0.02884415
704 0.02876519
705 0.02876519
706 0.02871256
707 0.02868624
708 0.02868624
709 0.02865992
710 0.02858097
711 0.02855465
712 0.02850202
713 0.0284757
714 0.02844938
715 0.02831779
716 0.02826516
717 0.02823884
718 0.02821252
719 0.02818621
720 0.02815989
721 0.02805462
722 0.02805462
723 0.02800198
724 0.02794935
725 0.02792303
726 0.02787039
727 0.02787039
728 0.02771249
729 0.02763353
730 0.02755458
731 0.02744931
732 0.02744931
733 0.02726509
734 0.02721245
735 0.02708086
736 0.02705454
737 0.02697559
738 0.02692296
739 0.02689664
740 0.02679137
741 0.02663347
742 0.02663347
743 0.02652819
744 0.02647556
745 0.02647556
746 0.02642292
747 0.02642292
748 0.02639661
749 0.02626502
750 0.02618606
751 0.02615974
752 0.02602816
753 0.02602816
754 0.02597552
755 0.02592289
756 0.02587025
757 0.02573867
758 0.02552812
759 0.02552812
760 0.02550181
761 0.02547549
762 0.02529126
763 0.02526494
764 0.02521231
765 0.02510704
766 0.02508072
767 0.02500177
768 0.02497545
769 0.02494913
770 0.02492282
771 0.02479123
772 0.02471228
773 0.02458069
774 0.02458069
775 0.02452805
776 0.02450174
777 0.0244491
778 0.02437015
779 0.02421224
780 0.0241596
781 0.02413329
782 0.02410697
783 0.02410697
784 0.02402802
785 0.0240017
786 0.02397538
787 0.02394906
788 0.02384379
789 0.0235543
790 0.02352798
791 0.02352798
792 0.02344903
793 0.02339639
794 0.02339639
795 0.02339639
796 0.02337008
797 0.02323849
798 0.02321217
799 0.02318585
800 0.0231069
801 0.02308058
802 0.02300163
803 0.02297531
804 0.02297531
805 0.02294899
806 0.02292268
807 0.02287004
808 0.02271213
809 0.02268582
810 0.0226595
811 0.02234369
812 0.02231737
813 0.02231737
814 0.02229105
815 0.0222121
816 0.02210683
817 0.02210683
818 0.02210683
819 0.02194892
820 0.02194892
821 0.02186997
822 0.02181733
823 0.02179101
824 0.02171206
825 0.02160679
826 0.02144889
827 0.02144889
828 0.02142257
829 0.02139625
830 0.02136993
831 0.02134361
832 0.0213173
833 0.02129098
834 0.02123835
835 0.02123835
836 0.02115939
837 0.02113308
838 0.0210278
839 0.0210278
840 0.02100149
841 0.02097517
842 0.02094885
843 0.02089621
844 0.02084358
845 0.02071199
846 0.02071199
847 0.02068568
848 0.02068568
849 0.02052777
850 0.02052777
851 0.02039618
852 0.02036986
853 0.02036986
854 0.02034355
855 0.02031723
856 0.02029091
857 0.02029091
858 0.02026459
859 0.02023827
860 0.02023827
861 0.02023827
862 0.02018564
863 0.02018564
864 0.02005405
865 0.02000142
866 0.02000142
867 0.0199751
868 0.01994878
869 0.01992246
870 0.01989615
871 0.01989615
872 0.01984351
873 0.01979087
874 0.01979087
875 0.01963297
876 0.01963297
877 0.01963297
878 0.01942243
879 0.01934347
880 0.01934347
881 0.01929084
882 0.01918557
883 0.01892239
884 0.01889607
885 0.01884344
886 0.01884344
887 0.01881712
888 0.01871185
889 0.01868553
890 0.01868553
891 0.01868553
892 0.01855394
893 0.01847499
894 0.01842236
895 0.01836972
896 0.01831709
897 0.01829077
898 0.01823813
899 0.0181855
900 0.01815918
901 0.01810654
902 0.01810654
903 0.01808023
904 0.01805391
905 0.01802759
906 0.01794864
907 0.01792232
908 0.01792232
909 0.01779073
910 0.01776442
911 0.01771178
912 0.01768546
913 0.01768546
914 0.01768546
915 0.01768546
916 0.01765914
917 0.01765914
918 0.01763283
919 0.01763283
920 0.01763283
921 0.01760651
922 0.01760651
923 0.01760651
924 0.01755388
925 0.01750124
926 0.01747492
927 0.01739597
928 0.01739597
929 0.01739597
930 0.0172907
931 0.0172907
932 0.0172907
933 0.0172907
934 0.01726438
935 0.01723806
936 0.01721174
937 0.01718543
938 0.01713279
939 0.01713279
940 0.01713279
941 0.01708016
942 0.01708016
943 0.0170012
944 0.01694857
945 0.01689593
946 0.01689593
947 0.0168433
948 0.01681698
949 0.01679066
950 0.01679066
951 0.01673803
952 0.01663276
953 0.01660644
954 0.01660644
955 0.01660644
956 0.01658012
957 0.01658012
958 0.0165538
959 0.01650117
960 0.01650117
961 0.01650117
962 0.01650117
963 0.01647485
964 0.01644853
965 0.01644853
966 0.0163959
967 0.01636958
968 0.01634326
969 0.01634326
970 0.01631694
971 0.01626431
972 0.01626431
973 0.01615904
974 0.01613272
975 0.01613272
976 0.0161064
977 0.01608009
978 0.01608009
979 0.01608009
980 0.01602745
981 0.01600113
982 0.0159485
983 0.01592218
984 0.01589586
985 0.01584323
986 0.01584323
987 0.01584323
988 0.01581691
989 0.01579059
990 0.01576427
991 0.01576427
992 0.01576427
993 0.01573796
994 0.01571164
995 0.015659
996 0.0155011
997 0.0155011
998 0.01547478
999 0.01547478
1000 0.01542214
1001 0.01536951
1002 0.01536951
1003 0.01531687
1004 0.01526424
1005 0.01515897
1006 0.01515897
1007 0.01515897
1008 0.01513265
1009 0.01508001
1010 0.0150537
1011 0.0150537
1012 0.01492211
1013 0.01489579
1014 0.01489579
1015 0.01489579
1016 0.01486947
1017 0.01484316
1018 0.01484316
1019 0.01468525
1020 0.01465893
1021 0.01463261
1022 0.0146063
1023 0.0146063
1024 0.01457998
1025 0.01452734
1026 0.01450103
1027 0.01450103
1028 0.01447471
1029 0.01442207
1030 0.01442207
1031 0.01436944
1032 0.0143168
1033 0.0143168
1034 0.01429049
1035 0.01429049
1036 0.01426417
1037 0.01426417
1038 0.01423785
1039 0.01421153
1040 0.01421153
1041 0.01418521
1042 0.01418521
1043 0.0141589
1044 0.01413258
1045 0.01413258
1046 0.01413258
1047 0.01407994
1048 0.01402731
1049 0.01400099
1050 0.01400099
1051 0.01394836
1052 0.01394836
1053 0.01392204
1054 0.01392204
1055 0.01389572
1056 0.01389572
1057 0.01389572
1058 0.01389572
1059 0.0138694
1060 0.01381677
1061 0.01376413
1062 0.0137115
1063 0.01368518
1064 0.01365886
1065 0.01365886
1066 0.01355359
1067 0.01352727
1068 0.01352727
1069 0.01344832
1070 0.01339569
1071 0.01336937
1072 0.01336937
1073 0.01336937
1074 0.01334305
1075 0.01331673
1076 0.0132641
1077 0.0132641
1078 0.01318514
1079 0.01315883
1080 0.01313251
1081 0.01307987
1082 0.01307987
1083 0.01307987
1084 0.01305356
1085 0.01302724
1086 0.01300092
1087 0.01300092
1088 0.0129746
1089 0.01292197
1090 0.01292197
1091 0.01292197
1092 0.01289565
1093 0.01289565
1094 0.01289565
1095 0.01286933
1096 0.01284301
1097 0.0128167
1098 0.0128167
1099 0.01279038
1100 0.01271143
1101 0.01268511
1102 0.01268511
1103 0.01268511
1104 0.01265879
1105 0.01260616
1106 0.01260616
1107 0.01260616
1108 0.01260616
1109 0.01255352
1110 0.01250088
1111 0.01250088
1112 0.01247457
1113 0.01247457
1114 0.01239561
1115 0.01239561
1116 0.0123693
1117 0.0123693
1118 0.01234298
1119 0.01223771
1120 0.01215876
1121 0.01213244
1122 0.01213244
1123 0.01213244
1124 0.01213244
1125 0.0120798
1126 0.0120798
1127 0.01205348
1128 0.01205348
1129 0.01202717
1130 0.01200085
1131 0.01194821
1132 0.0119219
1133 0.01189558
1134 0.01189558
1135 0.01181663
1136 0.01181663
1137 0.01173767
1138 0.01173767
1139 0.01171136
1140 0.01171136
1141 0.01168504
1142 0.01165872
1143 0.0116324
1144 0.0116324
1145 0.0116324
1146 0.0116324
1147 0.0116324
1148 0.01157977
1149 0.01155345
1150 0.01155345
1151 0.01155345
1152 0.0114745
1153 0.0114745
1154 0.01142186
1155 0.01139554
1156 0.01136923
1157 0.01136923
1158 0.01131659
1159 0.01123764
1160 0.01121132
1161 0.01121132
1162 0.011185
1163 0.01113237
1164 0.01113237
1165 0.01107973
1166 0.0110271
1167 0.0110271
1168 0.01097446
1169 0.01097446
1170 0.01094814
1171 0.01092183
1172 0.01089551
1173 0.01086919
1174 0.01086919
1175 0.01084287
1176 0.01079024
1177 0.01076392
1178 0.01076392
1179 0.0107376
1180 0.01071128
1181 0.01071128
1182 0.01071128
1183 0.01065865
1184 0.01063233
1185 0.01063233
1186 0.01060601
1187 0.01060601
1188 0.0105797
1189 0.01052706
1190 0.01052706
1191 0.01047443
1192 0.01047443
1193 0.01044811
1194 0.01044811
1195 0.01044811
1196 0.01042179
1197 0.01039547
1198 0.01034284
1199 0.01034284
1200 0.0102902
1201 0.0102902
1202 0.0102902
1203 0.01021125
1204 0.01021125
1205 0.01018493
1206 0.01015861
1207 0.01010598
1208 0.01010598
1209 0.01002703
1210 0.01002703
1211 0.01002703
1212 0.01000071
1213 0.01000071
1214 0.00997439
1215 0.00997439
1216 0.009921755
1217 0.009921755
1218 0.00986912
1219 0.009816485
1220 0.009816485
1221 0.009763849
1222 0.009763849
1223 0.009763849
1224 0.009763849
1225 0.009737532
1226 0.009684896
1227 0.009684896
1228 0.009658579
1229 0.009658579
1230 0.009632261
1231 0.009605943
1232 0.009579626
1233 0.009553308
1234 0.00952699
1235 0.00952699
1236 0.009500673
1237 0.009474355
1238 0.009448037
1239 0.009369084
1240 0.009342767
1241 0.009342767
1242 0.009316449
1243 0.009263814
1244 0.009263814
1245 0.009263814
1246 0.009237496
1247 0.009237496
1248 0.009211178
1249 0.009211178
1250 0.009184861
1251 0.009158543
1252 0.009158543
1253 0.009132225
1254 0.009132225
1255 0.009132225
1256 0.009105908
1257 0.00907959
1258 0.00907959
1259 0.009053272
1260 0.008948002
1261 0.008948002
1262 0.008948002
1263 0.008921684
1264 0.008921684
1265 0.008921684
1266 0.008895366
1267 0.008895366
1268 0.008895366
1269 0.008842731
1270 0.008842731
1271 0.008842731
1272 0.008842731
1273 0.008790096
1274 0.008790096
1275 0.008737461
1276 0.008737461
1277 0.008711143
1278 0.008711143
1279 0.008711143
1280 0.008684825
1281 0.008684825
1282 0.008658508
1283 0.008658508
1284 0.008658508
1285 0.008658508
1286 0.008658508
1287 0.008658508
1288 0.008632191
1289 0.008632191
1290 0.008632191
1291 0.008605872
1292 0.008605872
1293 0.008579555
1294 0.008553238
1295 0.008553238
1296 0.008553238
1297 0.008526919
1298 0.008500602
1299 0.008500602
1300 0.008474284
1301 0.008474284
1302 0.008474284
1303 0.008474284
1304 0.008474284
1305 0.008474284
1306 0.008421649
1307 0.008421649
1308 0.008421649
1309 0.008421649
1310 0.008395331
1311 0.008395331
1312 0.008369014
1313 0.008369014
1314 0.008342696
1315 0.008342696
1316 0.008342696
1317 0.00829006
1318 0.008263743
1319 0.008263743
1320 0.008237425
1321 0.008211107
1322 0.008184791
1323 0.008184791
1324 0.008158472
1325 0.008158472
1326 0.008158472
1327 0.008132154
1328 0.008105837
1329 0.008105837
1330 0.008079519
1331 0.008079519
1332 0.008079519
1333 0.008000567
1334 0.008000567
1335 0.008000567
1336 0.008000567
1337 0.007974248
1338 0.007974248
1339 0.007974248
1340 0.007947931
1341 0.007921614
1342 0.007921614
1343 0.007921614
1344 0.007895296
1345 0.00784266
1346 0.007816343
1347 0.007763707
1348 0.007763707
1349 0.007763707
1350 0.00773739
1351 0.00773739
1352 0.00773739
1353 0.007711072
1354 0.007684754
1355 0.007684754
1356 0.007684754
1357 0.007658436
1358 0.007658436
1359 0.00763212
1360 0.00763212
1361 0.00763212
1362 0.007605801
1363 0.007605801
1364 0.007579484
1365 0.007579484
1366 0.007579484
1367 0.007526848
1368 0.007526848
1369 0.007500531
1370 0.007500531
1371 0.007500531
1372 0.007500531
1373 0.007500531
1374 0.007500531
1375 0.007474214
1376 0.007447896
1377 0.007447896
1378 0.00739526
1379 0.007368943
1380 0.007316307
1381 0.007316307
1382 0.00728999
1383 0.00728999
1384 0.007263672
1385 0.007263672
1386 0.007263672
1387 0.007237354
1388 0.007211037
1389 0.007211037
1390 0.007184719
1391 0.007105766
1392 0.007079449
1393 0.007053131
1394 0.007053131
1395 0.007053131
1396 0.007026813
1397 0.007026813
1398 0.007026813
1399 0.007000496
1400 0.006974178
1401 0.006974178
1402 0.00694786
1403 0.006921543
1404 0.006921543
1405 0.006921543
1406 0.006895225
1407 0.006895225
1408 0.006895225
1409 0.006868907
1410 0.006868907
1411 0.006868907
1412 0.00684259
1413 0.00684259
1414 0.006816272
1415 0.006816272
1416 0.006763636
1417 0.006737319
1418 0.006737319
1419 0.006737319
1420 0.006737319
1421 0.006711002
1422 0.006711002
1423 0.006711002
1424 0.006684683
1425 0.006658366
1426 0.006658366
1427 0.006658366
1428 0.006658366
1429 0.006632049
1430 0.006632049
1431 0.006579414
1432 0.006553096
1433 0.006553096
1434 0.006553096
1435 0.006526778
1436 0.006526778
1437 0.006526778
1438 0.00650046
1439 0.00650046
1440 0.00650046
1441 0.006474143
1442 0.006447825
1443 0.006447825
1444 0.006421507
1445 0.00639519
1446 0.006368872
1447 0.006368872
1448 0.006342554
1449 0.006342554
1450 0.006342554
1451 0.006316236
1452 0.006316236
1453 0.006316236
1454 0.006316236
1455 0.006263601
1456 0.006237283
1457 0.006237283
1458 0.006237283
1459 0.006210966
1460 0.006210966
1461 0.006184648
1462 0.006184648
1463 0.00615833
1464 0.00615833
1465 0.00615833
1466 0.00615833
1467 0.006132013
1468 0.006132013
1469 0.006132013
1470 0.006132013
1471 0.006105695
1472 0.006105695
1473 0.006079378
1474 0.006079378
1475 0.00605306
1476 0.00605306
1477 0.00605306
1478 0.00605306
1479 0.00605306
1480 0.006026742
1481 0.006000425
1482 0.006000425
1483 0.005974107
1484 0.005974107
1485 0.005974107
1486 0.005947789
1487 0.005921472
1488 0.005921472
1489 0.005895154
1490 0.005895154
1491 0.005895154
1492 0.005895154
1493 0.005868836
1494 0.005842519
1495 0.005842519
1496 0.005816201
1497 0.005816201
1498 0.005816201
1499 0.005789883
1500 0.005763566
1501 0.005763566
1502 0.005763566
1503 0.005737248
1504 0.005737248
1505 0.005710931
1506 0.005710931
1507 0.005710931
1508 0.005710931
1509 0.005710931
1510 0.005684613
1511 0.005684613
1512 0.005684613
1513 0.005684613
1514 0.005684613
1515 0.005658295
1516 0.005658295
1517 0.005658295
1518 0.005631978
1519 0.005631978
1520 0.00560566
1521 0.00560566
1522 0.00560566
1523 0.00560566
1524 0.00560566
1525 0.00560566
1526 0.005579342
1527 0.005579342
1528 0.005553025
1529 0.005553025
1530 0.005553025
1531 0.005526707
1532 0.005526707
1533 0.005526707
1534 0.005500389
1535 0.005474072
1536 0.005474072
1537 0.005474072
1538 0.005474072
1539 0.005474072
1540 0.005474072
1541 0.005447754
1542 0.005447754
1543 0.005447754
1544 0.005447754
1545 0.005447754
1546 0.005447754
1547 0.005421436
1548 0.005395119
1549 0.005395119
1550 0.005395119
1551 0.005395119
1552 0.005368801
1553 0.005368801
1554 0.005368801
1555 0.005368801
1556 0.005368801
1557 0.005368801
1558 0.005289848
1559 0.005289848
1560 0.005289848
1561 0.00526353
1562 0.00526353
1563 0.005237213
1564 0.005237213
1565 0.005237213
1566 0.005237213
1567 0.005237213
1568 0.005210895
1569 0.005210895
1570 0.005210895
1571 0.005210895
1572 0.005210895
1573 0.005184577
1574 0.005184577
1575 0.005184577
1576 0.005184577
1577 0.005184577
1578 0.005184577
1579 0.00515826
1580 0.00515826
1581 0.00515826
1582 0.005131942
1583 0.005131942
1584 0.005131942
1585 0.005131942
1586 0.005105624
1587 0.005105624
1588 0.005079307
1589 0.005079307
1590 0.005079307
1591 0.005079307
1592 0.005079307
1593 0.005079307
1594 0.005079307
1595 0.005079307
1596 0.005052989
1597 0.005052989
1598 0.005052989
1599 0.005052989
1600 0.005026672
1601 0.005026672
1602 0.005026672
1603 0.005000354
1604 0.005000354
1605 0.005000354
1606 0.005000354
1607 0.005000354
1608 0.004974036
1609 0.004974036
1610 0.004947719
1611 0.004947719
1612 0.004947719
1613 0.004921401
1614 0.004921401
1615 0.004921401
1616 0.004921401
1617 0.004921401
1618 0.004921401
1619 0.004895084
1620 0.004895084
1621 0.004895084
1622 0.004868766
1623 0.004868766
1624 0.004868766
1625 0.004868766
1626 0.004868766
1627 0.004868766
1628 0.004842448
1629 0.004842448
1630 0.004842448
1631 0.00481613
1632 0.00481613
1633 0.004789813
1634 0.004789813
1635 0.004789813
1636 0.004763495
1637 0.004763495
1638 0.004763495
1639 0.004737177
1640 0.004737177
1641 0.004737177
1642 0.004737177
1643 0.00471086
1644 0.00471086
1645 0.00471086
1646 0.004684542
1647 0.004684542
1648 0.004684542
1649 0.004684542
1650 0.004684542
1651 0.004684542
1652 0.004684542
1653 0.004605589
1654 0.004605589
1655 0.004605589
1656 0.004605589
1657 0.004605589
1658 0.004579272
1659 0.004579272
1660 0.004579272
1661 0.004579272
1662 0.004579272
1663 0.004552954
1664 0.004552954
1665 0.004552954
1666 0.004526636
1667 0.004526636
1668 0.004500319
1669 0.004474001
1670 0.004474001
1671 0.004474001
1672 0.004474001
1673 0.004474001
1674 0.004474001
1675 0.004447683
1676 0.004447683
1677 0.004447683
1678 0.004447683
1679 0.004447683
1680 0.004447683
1681 0.004421365
1682 0.004421365
1683 0.004395048
1684 0.004395048
1685 0.004395048
1686 0.00436873
1687 0.00436873
1688 0.00436873
1689 0.00436873
1690 0.00436873
1691 0.004342413
1692 0.004342413
1693 0.004342413
1694 0.004342413
1695 0.004316095
1696 0.004316095
1697 0.004316095
1698 0.004289777
1699 0.00426346
1700 0.00426346
1701 0.00426346
1702 0.00426346
1703 0.00426346
1704 0.004237142
1705 0.004237142
1706 0.004210825
1707 0.004210825
1708 0.004210825
1709 0.004210825
1710 0.004184507
1711 0.004184507
1712 0.004184507
1713 0.004184507
1714 0.004158189
1715 0.004158189
1716 0.004131872
1717 0.004131872
1718 0.004131872
1719 0.004131872
1720 0.004079236
1721 0.004079236
1722 0.004052918
1723 0.004052918
1724 0.004052918
1725 0.004026601
1726 0.004026601
1727 0.004026601
1728 0.004026601
1729 0.004000283
1730 0.004000283
1731 0.004000283
1732 0.003973966
1733 0.003973966
1734 0.003947648
1735 0.003947648
1736 0.003947648
1737 0.003947648
1738 0.00392133
1739 0.00392133
1740 0.00392133
1741 0.00392133
1742 0.00392133
1743 0.00392133
1744 0.003895013
1745 0.003895013
1746 0.003895013
1747 0.003895013
1748 0.003868695
1749 0.003868695
1750 0.003868695
1751 0.003868695
1752 0.003868695
1753 0.003842377
1754 0.003842377
1755 0.003842377
1756 0.003842377
1757 0.003842377
1758 0.003842377
1759 0.00381606
1760 0.00381606
1761 0.00381606
1762 0.003789742
1763 0.003789742
1764 0.003789742
1765 0.003763424
1766 0.003737107
1767 0.003737107
1768 0.003737107
1769 0.003737107
1770 0.003737107
1771 0.003737107
1772 0.003737107
1773 0.003710789
1774 0.003710789
1775 0.003710789
1776 0.003684471
1777 0.003684471
1778 0.003684471
1779 0.003684471
1780 0.003684471
1781 0.003658154
1782 0.003658154
1783 0.003658154
1784 0.003658154
1785 0.003658154
1786 0.003658154
1787 0.003658154
1788 0.003658154
1789 0.003631836
1790 0.003631836
1791 0.003631836
1792 0.003631836
1793 0.003631836
1794 0.003631836
1795 0.003605518
1796 0.003605518
1797 0.003605518
1798 0.003605518
1799 0.003605518
1800 0.003579201
1801 0.003579201
1802 0.003579201
1803 0.003579201
1804 0.003552883
1805 0.003552883
1806 0.003552883
1807 0.003552883
1808 0.003552883
1809 0.003526565
1810 0.003526565
1811 0.003526565
1812 0.003526565
1813 0.003500248
1814 0.003500248
1815 0.003500248
1816 0.003500248
1817 0.003500248
1818 0.003500248
1819 0.003500248
1820 0.00347393
1821 0.00347393
1822 0.00347393
1823 0.00347393
1824 0.00347393
1825 0.003447613
1826 0.003447613
1827 0.003447613
1828 0.003447613
1829 0.003447613
1830 0.003447613
1831 0.003447613
1832 0.003421295
1833 0.003421295
1834 0.003421295
1835 0.003394977
1836 0.003394977
1837 0.003394977
1838 0.003394977
1839 0.003394977
1840 0.003394977
1841 0.00336866
1842 0.00336866
1843 0.00336866
1844 0.00336866
1845 0.00336866
1846 0.00336866
1847 0.003342342
1848 0.003342342
1849 0.003342342
1850 0.003342342
1851 0.003342342
1852 0.003342342
1853 0.003316024
1854 0.003316024
1855 0.003316024
1856 0.003316024
1857 0.003316024
1858 0.003289707
1859 0.003289707
1860 0.003289707
1861 0.003263389
1862 0.003263389
1863 0.003263389
1864 0.003263389
1865 0.003263389
1866 0.003263389
1867 0.003263389
1868 0.003263389
1869 0.003263389
1870 0.003237071
1871 0.003237071
1872 0.003237071
1873 0.003237071
1874 0.003237071
1875 0.003237071
1876 0.003237071
1877 0.003210753
1878 0.003210753
1879 0.003210753
1880 0.003210753
1881 0.003210753
1882 0.003210753
1883 0.003210753
1884 0.003210753
1885 0.003184436
1886 0.003184436
1887 0.003184436
1888 0.003184436
1889 0.003158118
1890 0.003158118
1891 0.003158118
1892 0.003158118
1893 0.003158118
1894 0.003131801
1895 0.003131801
1896 0.003131801
1897 0.003131801
1898 0.003131801
1899 0.003131801
1900 0.003131801
1901 0.003131801
1902 0.003131801
1903 0.003131801
1904 0.003131801
1905 0.003105483
1906 0.003105483
1907 0.003105483
1908 0.003105483
1909 0.003105483
1910 0.003079165
1911 0.003079165
1912 0.003079165
1913 0.003052848
1914 0.003052848
1915 0.003052848
1916 0.003052848
1917 0.003052848
1918 0.003052848
1919 0.00302653
1920 0.00302653
1921 0.00302653
1922 0.00302653
1923 0.00302653
1924 0.00302653
1925 0.003000212
1926 0.003000212
1927 0.003000212
1928 0.003000212
1929 0.003000212
1930 0.003000212
1931 0.003000212
1932 0.003000212
1933 0.003000212
1934 0.002973895
1935 0.002973895
1936 0.002973895
1937 0.002947577
1938 0.002947577
1939 0.002947577
1940 0.002947577
1941 0.002947577
1942 0.002947577
1943 0.002921259
1944 0.002921259
1945 0.002921259
1946 0.002921259
1947 0.002894942
1948 0.002894942
1949 0.002894942
1950 0.002894942
1951 0.002894942
1952 0.002868624
1953 0.002868624
1954 0.002868624
1955 0.002868624
1956 0.002868624
1957 0.002868624
1958 0.002868624
1959 0.002868624
1960 0.002868624
1961 0.002868624
1962 0.002868624
1963 0.002842306
1964 0.002842306
1965 0.002842306
1966 0.002842306
1967 0.002842306
1968 0.002842306
1969 0.002842306
1970 0.002842306
1971 0.002842306
1972 0.002842306
1973 0.002842306
1974 0.002815989
1975 0.002815989
1976 0.002815989
1977 0.002815989
1978 0.002815989
1979 0.002815989
1980 0.002815989
1981 0.002815989
1982 0.002789671
1983 0.002789671
1984 0.002789671
1985 0.002789671
1986 0.002789671
1987 0.002763354
1988 0.002763354
1989 0.002763354
1990 0.002763354
1991 0.002763354
1992 0.002763354
1993 0.002763354
1994 0.002763354
1995 0.002763354
1996 0.002737036
1997 0.002737036
1998 0.002737036
1999 0.002737036
2000 0.002710718
2001 0.002710718
2002 0.002710718
2003 0.002710718
2004 0.002710718
2005 0.0026844
2006 0.0026844
2007 0.0026844
2008 0.0026844
2009 0.0026844
2010 0.0026844
2011 0.0026844
2012 0.002658083
2013 0.002658083
2014 0.002658083
2015 0.002658083
2016 0.002658083
2017 0.002658083
2018 0.002631765
2019 0.002631765
2020 0.002631765
2021 0.002631765
2022 0.002631765
2023 0.002631765
2024 0.002631765
2025 0.002631765
2026 0.002605448
2027 0.002605448
2028 0.002605448
2029 0.002605448
2030 0.002605448
2031 0.002605448
2032 0.00257913
2033 0.00257913
2034 0.00257913
2035 0.00257913
2036 0.00257913
2037 0.00257913
2038 0.00257913
2039 0.00257913
2040 0.002552812
2041 0.002552812
2042 0.002552812
2043 0.002552812
2044 0.002552812
2045 0.002552812
2046 0.002552812
2047 0.002552812
2048 0.002552812
2049 0.002526495
2050 0.002526495
2051 0.002526495
2052 0.002526495
2053 0.002526495
2054 0.002526495
2055 0.002526495
2056 0.002526495
2057 0.002526495
2058 0.002526495
2059 0.002500177
2060 0.002500177
2061 0.002500177
2062 0.002500177
2063 0.002500177
2064 0.002500177
2065 0.002500177
2066 0.002500177
2067 0.002473859
2068 0.002473859
2069 0.002473859
2070 0.002473859
2071 0.002473859
2072 0.002473859
2073 0.002447542
2074 0.002447542
2075 0.002447542
2076 0.002447542
2077 0.002421224
2078 0.002421224
2079 0.002421224
2080 0.002421224
2081 0.002421224
2082 0.002421224
2083 0.002394906
2084 0.002394906
2085 0.002394906
2086 0.002394906
2087 0.002368589
2088 0.002368589
2089 0.002368589
2090 0.002368589
2091 0.002368589
2092 0.002342271
2093 0.002342271
2094 0.002342271
2095 0.002342271
2096 0.002342271
2097 0.002342271
2098 0.002342271
2099 0.002342271
2100 0.002342271
2101 0.002315954
2102 0.002315954
2103 0.002315954
2104 0.002289636
2105 0.002289636
2106 0.002289636
2107 0.002289636
2108 0.002289636
2109 0.002289636
2110 0.002289636
2111 0.002289636
2112 0.002289636
2113 0.002289636
2114 0.002263318
2115 0.002263318
2116 0.002263318
2117 0.002263318
2118 0.002263318
2119 0.002263318
2120 0.002263318
2121 0.002237001
2122 0.002237001
2123 0.002237001
2124 0.002237001
2125 0.002237001
2126 0.002237001
2127 0.002237001
2128 0.002237001
2129 0.002237001
2130 0.002237001
2131 0.002237001
2132 0.002237001
2133 0.002237001
2134 0.002237001
2135 0.002210683
2136 0.002210683
2137 0.002210683
2138 0.002210683
2139 0.002210683
2140 0.002210683
2141 0.002210683
2142 0.002210683
2143 0.002184365
2144 0.002184365
2145 0.002184365
2146 0.002184365
2147 0.002184365
2148 0.002184365
2149 0.002184365
2150 0.002158048
2151 0.002158048
2152 0.002158048
2153 0.002158048
2154 0.002158048
2155 0.002158048
2156 0.002158048
2157 0.002158048
2158 0.00213173
2159 0.00213173
2160 0.00213173
2161 0.00213173
2162 0.00213173
2163 0.00213173
2164 0.00213173
2165 0.002105412
2166 0.002105412
2167 0.002105412
2168 0.002105412
2169 0.002105412
2170 0.002105412
2171 0.002105412
2172 0.002105412
2173 0.002105412
2174 0.002105412
2175 0.002105412
2176 0.002105412
2177 0.002079095
2178 0.002079095
2179 0.002079095
2180 0.002079095
2181 0.002079095
2182 0.002079095
2183 0.002079095
2184 0.002079095
2185 0.002052777
2186 0.002052777
2187 0.002052777
2188 0.002052777
2189 0.002052777
2190 0.002052777
2191 0.002052777
2192 0.002052777
2193 0.002026459
2194 0.002026459
2195 0.002026459
2196 0.002026459
2197 0.002026459
2198 0.002026459
2199 0.002026459
2200 0.002026459
2201 0.002026459
2202 0.002026459
2203 0.002000142
2204 0.002000142
2205 0.002000142
2206 0.002000142
2207 0.002000142
2208 0.002000142
2209 0.002000142
2210 0.001973824
2211 0.001973824
2212 0.001973824
2213 0.001973824
2214 0.001973824
2215 0.001973824
2216 0.001973824
2217 0.001947506
2218 0.001947506
2219 0.001947506
2220 0.001947506
2221 0.001947506
2222 0.001947506
2223 0.001947506
2224 0.001947506
2225 0.001947506
2226 0.001947506
2227 0.001947506
2228 0.001947506
2229 0.001947506
2230 0.001947506
2231 0.001921189
2232 0.001921189
2233 0.001921189
2234 0.001921189
2235 0.001894871
2236 0.001894871
2237 0.001894871
2238 0.001894871
2239 0.001894871
2240 0.001894871
2241 0.001894871
2242 0.001894871
2243 0.001894871
2244 0.001894871
2245 0.001894871
2246 0.001894871
2247 0.001894871
2248 0.001868553
2249 0.001868553
2250 0.001868553
2251 0.001868553
2252 0.001868553
2253 0.001868553
2254 0.001868553
2255 0.001868553
2256 0.001868553
2257 0.001868553
2258 0.001842236
2259 0.001842236
2260 0.001842236
2261 0.001842236
2262 0.001842236
2263 0.001842236
2264 0.001842236
2265 0.001842236
2266 0.001842236
2267 0.001842236
2268 0.001815918
2269 0.001815918
2270 0.001815918
2271 0.001815918
2272 0.001815918
2273 0.001815918
2274 0.001815918
2275 0.001815918
2276 0.001815918
2277 0.001815918
2278 0.0017896
2279 0.0017896
2280 0.0017896
2281 0.0017896
2282 0.0017896
2283 0.0017896
2284 0.0017896
2285 0.0017896
2286 0.0017896
2287 0.001763283
2288 0.001763283
2289 0.001763283
2290 0.001763283
2291 0.001763283
2292 0.001763283
2293 0.001763283
2294 0.001763283
2295 0.001763283
2296 0.001763283
2297 0.001763283
2298 0.001736965
2299 0.001736965
2300 0.001736965
2301 0.001736965
2302 0.001736965
2303 0.001736965
2304 0.001736965
2305 0.001736965
2306 0.001736965
2307 0.001736965
2308 0.001736965
2309 0.001736965
2310 0.001736965
2311 0.001710647
2312 0.001710647
2313 0.001710647
2314 0.001710647
2315 0.001710647
2316 0.001710647
2317 0.001710647
2318 0.001710647
2319 0.001710647
2320 0.001710647
2321 0.001710647
2322 0.001710647
2323 0.001710647
2324 0.001710647
2325 0.00168433
2326 0.00168433
2327 0.00168433
2328 0.00168433
2329 0.00168433
2330 0.00168433
2331 0.00168433
2332 0.00168433
2333 0.00168433
2334 0.00168433
2335 0.00168433
2336 0.001658012
2337 0.001658012
2338 0.001658012
2339 0.001658012
2340 0.001658012
2341 0.001658012
2342 0.001658012
2343 0.001658012
2344 0.001631694
2345 0.001631694
2346 0.001631694
2347 0.001631694
2348 0.001631694
2349 0.001631694
2350 0.001631694
2351 0.001631694
2352 0.001631694
2353 0.001605377
2354 0.001605377
2355 0.001605377
2356 0.001605377
2357 0.001605377
2358 0.001605377
2359 0.001605377
2360 0.001605377
2361 0.001605377
2362 0.001605377
2363 0.001605377
2364 0.001605377
2365 0.001579059
2366 0.001579059
2367 0.001579059
2368 0.001579059
2369 0.001579059
2370 0.001579059
2371 0.001579059
2372 0.001579059
2373 0.001552742
2374 0.001552742
2375 0.001552742
2376 0.001552742
2377 0.001552742
2378 0.001552742
2379 0.001526424
2380 0.001526424
2381 0.001526424
2382 0.001526424
2383 0.001526424
2384 0.001526424
2385 0.001526424
2386 0.001526424
2387 0.001526424
2388 0.001526424
2389 0.001526424
2390 0.001526424
2391 0.001526424
2392 0.001526424
2393 0.001526424
2394 0.001526424
2395 0.001526424
2396 0.001526424
2397 0.001500106
2398 0.001500106
2399 0.001500106
2400 0.001500106
2401 0.001500106
2402 0.001500106
2403 0.001500106
2404 0.001500106
2405 0.001500106
2406 0.001500106
2407 0.001500106
2408 0.001500106
2409 0.001500106
2410 0.001500106
2411 0.001500106
2412 0.001473789
2413 0.001473789
2414 0.001473789
2415 0.001473789
2416 0.001473789
2417 0.001473789
2418 0.001473789
2419 0.001473789
2420 0.001473789
2421 0.001473789
2422 0.001473789
2423 0.001447471
2424 0.001447471
2425 0.001447471
2426 0.001447471
2427 0.001447471
2428 0.001447471
2429 0.001447471
2430 0.001447471
2431 0.001447471
2432 0.001447471
2433 0.001447471
2434 0.001447471
2435 0.001447471
2436 0.001447471
2437 0.001447471
2438 0.001421153
2439 0.001421153
2440 0.001421153
2441 0.001421153
2442 0.001421153
2443 0.001421153
2444 0.001421153
2445 0.001421153
2446 0.001421153
2447 0.001421153
2448 0.001421153
2449 0.001421153
2450 0.001421153
2451 0.001421153
2452 0.001421153
2453 0.001421153
2454 0.001394836
2455 0.001394836
2456 0.001394836
2457 0.001394836
2458 0.001394836
2459 0.001394836
2460 0.001394836
2461 0.001394836
2462 0.001394836
2463 0.001394836
2464 0.001394836
2465 0.001368518
2466 0.001368518
2467 0.001368518
2468 0.001368518
2469 0.001368518
2470 0.001368518
2471 0.001368518
2472 0.001368518
2473 0.001368518
2474 0.001368518
2475 0.001368518
2476 0.001368518
2477 0.001368518
2478 0.001368518
2479 0.001368518
2480 0.001368518
2481 0.001368518
2482 0.0013422
2483 0.0013422
2484 0.0013422
2485 0.0013422
2486 0.0013422
2487 0.0013422
2488 0.0013422
2489 0.0013422
2490 0.0013422
2491 0.0013422
2492 0.0013422
2493 0.0013422
2494 0.0013422
2495 0.0013422
2496 0.0013422
2497 0.001315883
2498 0.001315883
2499 0.001315883
2500 0.001315883
2501 0.001315883
2502 0.001315883
2503 0.001315883
2504 0.001315883
2505 0.001315883
2506 0.001289565
2507 0.001289565
2508 0.001289565
2509 0.001289565
2510 0.001289565
2511 0.001289565
2512 0.001289565
2513 0.001289565
2514 0.001289565
2515 0.001289565
2516 0.001289565
2517 0.001263247
2518 0.001263247
2519 0.001263247
2520 0.001263247
2521 0.001263247
2522 0.001263247
2523 0.001263247
2524 0.001263247
2525 0.001263247
2526 0.001263247
2527 0.001263247
2528 0.001263247
2529 0.00123693
2530 0.00123693
2531 0.00123693
2532 0.00123693
2533 0.00123693
2534 0.00123693
2535 0.00123693
2536 0.00123693
2537 0.00123693
2538 0.00123693
2539 0.00123693
2540 0.00123693
2541 0.00123693
2542 0.00123693
2543 0.001210612
2544 0.001210612
2545 0.001210612
2546 0.001210612
2547 0.001210612
2548 0.001210612
2549 0.001210612
2550 0.001210612
2551 0.001210612
2552 0.001210612
2553 0.001210612
2554 0.001210612
2555 0.001210612
2556 0.001210612
2557 0.001210612
2558 0.001210612
2559 0.001210612
2560 0.001184294
2561 0.001184294
2562 0.001184294
2563 0.001184294
2564 0.001184294
2565 0.001184294
2566 0.001184294
2567 0.001184294
2568 0.001184294
2569 0.001184294
2570 0.001184294
2571 0.001184294
2572 0.001184294
2573 0.001184294
2574 0.001184294
2575 0.001184294
2576 0.001157977
2577 0.001157977
2578 0.001157977
2579 0.001157977
2580 0.001157977
2581 0.001157977
2582 0.001157977
2583 0.001157977
2584 0.001131659
2585 0.001131659
2586 0.001131659
2587 0.001131659
2588 0.001131659
2589 0.001131659
2590 0.001131659
2591 0.001131659
2592 0.001131659
2593 0.001131659
2594 0.001131659
2595 0.001131659
2596 0.001131659
2597 0.001131659
2598 0.001105341
2599 0.001105341
2600 0.001105341
2601 0.001105341
2602 0.001105341
2603 0.001105341
2604 0.001105341
2605 0.001105341
2606 0.001105341
2607 0.001105341
2608 0.001079024
2609 0.001079024
2610 0.001079024
2611 0.001079024
2612 0.001079024
2613 0.001079024
2614 0.001079024
2615 0.001079024
2616 0.001079024
2617 0.001079024
2618 0.001079024
2619 0.001079024
2620 0.001079024
2621 0.001079024
2622 0.001079024
2623 0.001052706
2624 0.001052706
2625 0.001052706
2626 0.001052706
2627 0.001052706
2628 0.001052706
2629 0.001052706
2630 0.001052706
2631 0.001052706
2632 0.001052706
2633 0.001052706
2634 0.001052706
2635 0.001052706
2636 0.001052706
2637 0.001052706
2638 0.001052706
2639 0.001052706
2640 0.001052706
2641 0.001026388
2642 0.001026388
2643 0.001026388
2644 0.001026388
2645 0.001026388
2646 0.001026388
2647 0.001026388
2648 0.001026388
2649 0.001026388
2650 0.001026388
2651 0.001026388
2652 0.001026388
2653 0.001026388
2654 0.001026388
2655 0.001026388
2656 0.001026388
2657 0.001000071
2658 0.001000071
2659 0.001000071
2660 0.001000071
2661 0.001000071
2662 0.001000071
2663 0.001000071
2664 0.001000071
2665 0.001000071
2666 0.001000071
2667 0.001000071
2668 0.001000071
2669 0.001000071
2670 0.001000071
2671 0.001000071
2672 0.001000071
2673 0.001000071
2674 0.001000071
2675 0.001000071
2676 0.0009737532
2677 0.0009737532
2678 0.0009737532
2679 0.0009737532
2680 0.0009737532
2681 0.0009737532
2682 0.0009737532
2683 0.0009737532
2684 0.0009737532
2685 0.0009737532
2686 0.0009737532
2687 0.0009737532
2688 0.0009737532
2689 0.0009737532
2690 0.0009474354
2691 0.0009474354
2692 0.0009474354
2693 0.0009474354
2694 0.0009474354
2695 0.0009474354
2696 0.0009474354
2697 0.0009474354
2698 0.0009474354
2699 0.0009474354
2700 0.0009474354
2701 0.0009474354
2702 0.0009474354
2703 0.0009474354
2704 0.0009474354
2705 0.0009474354
2706 0.0009211178
2707 0.0009211178
2708 0.0009211178
2709 0.0009211178
2710 0.0009211178
2711 0.0009211178
2712 0.0009211178
2713 0.0009211178
2714 0.0009211178
2715 0.0009211178
2716 0.0009211178
2717 0.0009211178
2718 0.0009211178
2719 0.0009211178
2720 0.0009211178
2721 0.0009211178
2722 0.0009211178
2723 0.0009211178
2724 0.0008948002
2725 0.0008948002
2726 0.0008948002
2727 0.0008948002
2728 0.0008948002
2729 0.0008948002
2730 0.0008948002
2731 0.0008948002
2732 0.0008948002
2733 0.0008948002
2734 0.0008948002
2735 0.0008948002
2736 0.0008948002
2737 0.0008948002
2738 0.0008948002
2739 0.0008948002
2740 0.0008948002
2741 0.0008684825
2742 0.0008684825
2743 0.0008684825
2744 0.0008684825
2745 0.0008684825
2746 0.0008684825
2747 0.0008684825
2748 0.0008684825
2749 0.0008684825
2750 0.0008684825
2751 0.0008684825
2752 0.0008684825
2753 0.0008684825
2754 0.0008684825
2755 0.0008684825
2756 0.0008684825
2757 0.0008684825
2758 0.0008684825
2759 0.0008684825
2760 0.0008684825
2761 0.0008684825
2762 0.0008684825
2763 0.0008684825
2764 0.0008684825
2765 0.0008684825
2766 0.0008421649
2767 0.0008421649
2768 0.0008421649
2769 0.0008421649
2770 0.0008421649
2771 0.0008421649
2772 0.0008421649
2773 0.0008421649
2774 0.0008421649
2775 0.0008421649
2776 0.0008421649
2777 0.0008421649
2778 0.0008421649
2779 0.0008421649
2780 0.0008421649
2781 0.0008421649
2782 0.0008421649
2783 0.0008421649
2784 0.0008421649
2785 0.0008421649
2786 0.0008421649
2787 0.0008421649
2788 0.0008421649
2789 0.0008421649
2790 0.0008421649
2791 0.0008158472
2792 0.0008158472
2793 0.0008158472
2794 0.0008158472
2795 0.0008158472
2796 0.0008158472
2797 0.0008158472
2798 0.0008158472
2799 0.0008158472
2800 0.0008158472
2801 0.0008158472
2802 0.0008158472
2803 0.0008158472
2804 0.0008158472
2805 0.0008158472
2806 0.0008158472
2807 0.0008158472
2808 0.0008158472
2809 0.0008158472
2810 0.0008158472
2811 0.0007895295
2812 0.0007895295
2813 0.0007895295
2814 0.0007895295
2815 0.0007895295
2816 0.0007895295
2817 0.0007895295
2818 0.0007895295
2819 0.0007895295
2820 0.0007895295
2821 0.0007895295
2822 0.0007895295
2823 0.0007895295
2824 0.0007895295
2825 0.0007895295
2826 0.0007895295
2827 0.0007895295
2828 0.0007895295
2829 0.0007895295
2830 0.0007895295
2831 0.0007895295
2832 0.0007895295
2833 0.0007895295
2834 0.0007895295
2835 0.0007895295
2836 0.0007895295
2837 0.0007895295
2838 0.0007895295
2839 0.0007632119
2840 0.0007632119
2841 0.0007632119
2842 0.0007632119
2843 0.0007632119
2844 0.0007632119
2845 0.0007632119
2846 0.0007632119
2847 0.0007632119
2848 0.0007632119
2849 0.0007632119
2850 0.0007632119
2851 0.0007632119
2852 0.0007632119
2853 0.0007632119
2854 0.0007632119
2855 0.0007632119
2856 0.0007632119
2857 0.0007632119
2858 0.0007632119
2859 0.0007632119
2860 0.0007368943
2861 0.0007368943
2862 0.0007368943
2863 0.0007368943
2864 0.0007368943
2865 0.0007368943
2866 0.0007368943
2867 0.0007368943
2868 0.0007368943
2869 0.0007368943
2870 0.0007368943
2871 0.0007368943
2872 0.0007368943
2873 0.0007368943
2874 0.0007368943
2875 0.0007368943
2876 0.0007368943
2877 0.0007368943
2878 0.0007368943
2879 0.0007368943
2880 0.0007368943
2881 0.0007368943
2882 0.0007368943
2883 0.0007368943
2884 0.0007368943
2885 0.0007368943
2886 0.0007105766
2887 0.0007105766
2888 0.0007105766
2889 0.0007105766
2890 0.0007105766
2891 0.0007105766
2892 0.0007105766
2893 0.0007105766
2894 0.0007105766
2895 0.0007105766
2896 0.0007105766
2897 0.0007105766
2898 0.0007105766
2899 0.0007105766
2900 0.0007105766
2901 0.0007105766
2902 0.0007105766
2903 0.0007105766
2904 0.0007105766
2905 0.000684259
2906 0.000684259
2907 0.000684259
2908 0.000684259
2909 0.000684259
2910 0.000684259
2911 0.000684259
2912 0.000684259
2913 0.000684259
2914 0.000684259
2915 0.000684259
2916 0.000684259
2917 0.000684259
2918 0.000684259
2919 0.000684259
2920 0.000684259
2921 0.000684259
2922 0.000684259
2923 0.000684259
2924 0.000684259
2925 0.000684259
2926 0.000684259
2927 0.000684259
2928 0.0006579413
2929 0.0006579413
2930 0.0006579413
2931 0.0006579413
2932 0.0006579413
2933 0.0006579413
2934 0.0006579413
2935 0.0006579413
2936 0.0006579413
2937 0.0006579413
2938 0.0006579413
2939 0.0006579413
2940 0.0006579413
2941 0.0006579413
2942 0.0006579413
2943 0.0006579413
2944 0.0006579413
2945 0.0006579413
2946 0.0006579413
2947 0.0006579413
2948 0.0006579413
2949 0.0006579413
2950 0.0006579413
2951 0.0006579413
2952 0.0006579413
2953 0.0006579413
2954 0.0006579413
2955 0.0006579413
2956 0.0006579413
2957 0.0006579413
2958 0.0006316237
2959 0.0006316237
2960 0.0006316237
2961 0.0006316237
2962 0.0006316237
2963 0.0006316237
2964 0.0006316237
2965 0.0006316237
2966 0.0006316237
2967 0.0006316237
2968 0.0006316237
2969 0.0006316237
2970 0.0006316237
2971 0.0006316237
2972 0.0006316237
2973 0.0006316237
2974 0.0006316237
2975 0.0006316237
2976 0.0006316237
2977 0.0006316237
2978 0.0006316237
2979 0.0006316237
2980 0.0006316237
2981 0.0006316237
2982 0.0006316237
2983 0.0006316237
2984 0.0006316237
2985 0.0006316237
2986 0.0006316237
2987 0.000605306
2988 0.000605306
2989 0.000605306
2990 0.000605306
2991 0.000605306
2992 0.000605306
2993 0.000605306
2994 0.000605306
2995 0.000605306
2996 0.000605306
2997 0.000605306
2998 0.000605306
2999 0.000605306
3000 0.000605306
3001 0.000605306
3002 0.000605306
3003 0.000605306
3004 0.000605306
3005 0.000605306
3006 0.000605306
3007 0.000605306
3008 0.000605306
3009 0.000605306
3010 0.000605306
3011 0.000605306
3012 0.000605306
3013 0.000605306
3014 0.000605306
3015 0.0005789884
3016 0.0005789884
3017 0.0005789884
3018 0.0005789884
3019 0.0005789884
3020 0.0005789884
3021 0.0005789884
3022 0.0005789884
3023 0.0005789884
3024 0.0005789884
3025 0.0005789884
3026 0.0005789884
3027 0.0005789884
3028 0.0005789884
3029 0.0005789884
3030 0.0005789884
3031 0.0005789884
3032 0.0005789884
3033 0.0005789884
3034 0.0005789884
3035 0.0005789884
3036 0.0005789884
3037 0.0005789884
3038 0.0005789884
3039 0.0005789884
3040 0.0005789884
3041 0.0005789884
3042 0.0005789884
3043 0.0005789884
3044 0.0005789884
3045 0.0005526707
3046 0.0005526707
3047 0.0005526707
3048 0.0005526707
3049 0.0005526707
3050 0.0005526707
3051 0.0005526707
3052 0.0005526707
3053 0.0005526707
3054 0.0005526707
3055 0.0005526707
3056 0.0005526707
3057 0.0005526707
3058 0.0005526707
3059 0.0005526707
3060 0.0005526707
3061 0.0005526707
3062 0.0005526707
3063 0.0005526707
3064 0.0005526707
3065 0.0005526707
3066 0.0005526707
3067 0.0005526707
3068 0.0005526707
3069 0.0005526707
3070 0.0005526707
3071 0.0005526707
3072 0.0005263531
3073 0.0005263531
3074 0.0005263531
3075 0.0005263531
3076 0.0005263531
3077 0.0005263531
3078 0.0005263531
3079 0.0005263531
3080 0.0005263531
3081 0.0005263531
3082 0.0005263531
3083 0.0005263531
3084 0.0005263531
3085 0.0005263531
3086 0.0005263531
3087 0.0005263531
3088 0.0005263531
3089 0.0005263531
3090 0.0005263531
3091 0.0005263531
3092 0.0005263531
3093 0.0005263531
3094 0.0005263531
3095 0.0005263531
3096 0.0005263531
3097 0.0005263531
3098 0.0005263531
3099 0.0005263531
3100 0.0005263531
3101 0.0005263531
3102 0.0005263531
3103 0.0005263531
3104 0.0005263531
3105 0.0005263531
3106 0.0005263531
3107 0.0005000354
3108 0.0005000354
3109 0.0005000354
3110 0.0005000354
3111 0.0005000354
3112 0.0005000354
3113 0.0005000354
3114 0.0005000354
3115 0.0005000354
3116 0.0005000354
3117 0.0005000354
3118 0.0005000354
3119 0.0005000354
3120 0.0005000354
3121 0.0005000354
3122 0.0005000354
3123 0.0005000354
3124 0.0005000354
3125 0.0005000354
3126 0.0005000354
3127 0.0005000354
3128 0.0005000354
3129 0.0005000354
3130 0.0005000354
3131 0.0005000354
3132 0.0005000354
3133 0.0005000354
3134 0.0005000354
3135 0.0005000354
3136 0.0005000354
3137 0.0005000354
3138 0.0005000354
3139 0.0005000354
3140 0.0005000354
3141 0.0005000354
3142 0.0005000354
3143 0.0005000354
3144 0.0005000354
3145 0.0005000354
3146 0.0005000354
3147 0.0004737177
3148 0.0004737177
3149 0.0004737177
3150 0.0004737177
3151 0.0004737177
3152 0.0004737177
3153 0.0004737177
3154 0.0004737177
3155 0.0004737177
3156 0.0004737177
3157 0.0004737177
3158 0.0004737177
3159 0.0004737177
3160 0.0004737177
3161 0.0004737177
3162 0.0004737177
3163 0.0004737177
3164 0.0004737177
3165 0.0004737177
3166 0.0004737177
3167 0.0004737177
3168 0.0004737177
3169 0.0004737177
3170 0.0004737177
3171 0.0004737177
3172 0.0004737177
3173 0.0004737177
3174 0.0004737177
3175 0.0004737177
3176 0.0004737177
3177 0.0004737177
3178 0.0004737177
3179 0.0004737177
3180 0.0004737177
3181 0.0004737177
3182 0.0004737177
3183 0.0004737177
3184 0.0004737177
3185 0.0004737177
3186 0.0004737177
3187 0.0004737177
3188 0.0004737177
3189 0.0004474001
3190 0.0004474001
3191 0.0004474001
3192 0.0004474001
3193 0.0004474001
3194 0.0004474001
3195 0.0004474001
3196 0.0004474001
3197 0.0004474001
3198 0.0004474001
3199 0.0004474001
3200 0.0004474001
3201 0.0004474001
3202 0.0004474001
3203 0.0004474001
3204 0.0004474001
3205 0.0004474001
3206 0.0004474001
3207 0.0004474001
3208 0.0004474001
3209 0.0004474001
3210 0.0004474001
3211 0.0004474001
3212 0.0004474001
3213 0.0004474001
3214 0.0004474001
3215 0.0004474001
3216 0.0004474001
3217 0.0004474001
3218 0.0004474001
3219 0.0004474001
3220 0.0004474001
3221 0.0004474001
3222 0.0004474001
3223 0.0004474001
3224 0.0004474001
3225 0.0004474001
3226 0.0004474001
3227 0.0004474001
3228 0.0004474001
3229 0.0004474001
3230 0.0004474001
3231 0.0004210825
3232 0.0004210825
3233 0.0004210825
3234 0.0004210825
3235 0.0004210825
3236 0.0004210825
3237 0.0004210825
3238 0.0004210825
3239 0.0004210825
3240 0.0004210825
3241 0.0004210825
3242 0.0004210825
3243 0.0004210825
3244 0.0004210825
3245 0.0004210825
3246 0.0004210825
3247 0.0004210825
3248 0.0004210825
3249 0.0004210825
3250 0.0004210825
3251 0.0004210825
3252 0.0004210825
3253 0.0004210825
3254 0.0004210825
3255 0.0004210825
3256 0.0004210825
3257 0.0004210825
3258 0.0004210825
3259 0.0004210825
3260 0.0004210825
3261 0.0004210825
3262 0.0004210825
3263 0.0004210825
3264 0.0004210825
3265 0.0004210825
3266 0.0004210825
3267 0.0004210825
3268 0.0004210825
3269 0.0004210825
3270 0.0004210825
3271 0.0004210825
3272 0.0004210825
3273 0.0004210825
3274 0.0004210825
3275 0.0004210825
3276 0.0004210825
3277 0.0004210825
3278 0.0004210825
3279 0.0004210825
3280 0.0004210825
3281 0.0004210825
3282 0.0004210825
3283 0.0004210825
3284 0.0003947648
3285 0.0003947648
3286 0.0003947648
3287 0.0003947648
3288 0.0003947648
3289 0.0003947648
3290 0.0003947648
3291 0.0003947648
3292 0.0003947648
3293 0.0003947648
3294 0.0003947648
3295 0.0003947648
3296 0.0003947648
3297 0.0003947648
3298 0.0003947648
3299 0.0003947648
3300 0.0003947648
3301 0.0003947648
3302 0.0003947648
3303 0.0003947648
3304 0.0003947648
3305 0.0003947648
3306 0.0003947648
3307 0.0003947648
3308 0.0003947648
3309 0.0003947648
3310 0.0003947648
3311 0.0003947648
3312 0.0003947648
3313 0.0003947648
3314 0.0003947648
3315 0.0003947648
3316 0.0003947648
3317 0.0003947648
3318 0.0003947648
3319 0.0003947648
3320 0.0003947648
3321 0.0003947648
3322 0.0003947648
3323 0.0003947648
3324 0.0003684471
3325 0.0003684471
3326 0.0003684471
3327 0.0003684471
3328 0.0003684471
3329 0.0003684471
3330 0.0003684471
3331 0.0003684471
3332 0.0003684471
3333 0.0003684471
3334 0.0003684471
3335 0.0003684471
3336 0.0003684471
3337 0.0003684471
3338 0.0003684471
3339 0.0003684471
3340 0.0003684471
3341 0.0003684471
3342 0.0003684471
3343 0.0003684471
3344 0.0003684471
3345 0.0003684471
3346 0.0003684471
3347 0.0003684471
3348 0.0003684471
3349 0.0003684471
3350 0.0003684471
3351 0.0003684471
3352 0.0003684471
3353 0.0003684471
3354 0.0003684471
3355 0.0003684471
3356 0.0003684471
3357 0.0003684471
3358 0.0003684471
3359 0.0003684471
3360 0.0003684471
3361 0.0003684471
3362 0.0003684471
3363 0.0003684471
3364 0.0003684471
3365 0.0003684471
3366 0.0003684471
3367 0.0003684471
3368 0.0003684471
3369 0.0003684471
3370 0.0003684471
3371 0.0003684471
3372 0.0003684471
3373 0.0003684471
3374 0.0003684471
3375 0.0003684471
3376 0.0003684471
3377 0.0003421295
3378 0.0003421295
3379 0.0003421295
3380 0.0003421295
3381 0.0003421295
3382 0.0003421295
3383 0.0003421295
3384 0.0003421295
3385 0.0003421295
3386 0.0003421295
3387 0.0003421295
3388 0.0003421295
3389 0.0003421295
3390 0.0003421295
3391 0.0003421295
3392 0.0003421295
3393 0.0003421295
3394 0.0003421295
3395 0.0003421295
3396 0.0003421295
3397 0.0003421295
3398 0.0003421295
3399 0.0003421295
3400 0.0003421295
3401 0.0003421295
3402 0.0003421295
3403 0.0003421295
3404 0.0003421295
3405 0.0003421295
3406 0.0003421295
3407 0.0003421295
3408 0.0003421295
3409 0.0003421295
3410 0.0003421295
3411 0.0003421295
3412 0.0003421295
3413 0.0003421295
3414 0.0003421295
3415 0.0003421295
3416 0.0003421295
3417 0.0003421295
3418 0.0003421295
3419 0.0003421295
3420 0.0003421295
3421 0.0003421295
3422 0.0003421295
3423 0.0003421295
3424 0.0003421295
3425 0.0003421295
3426 0.0003421295
3427 0.0003421295
3428 0.0003158118
3429 0.0003158118
3430 0.0003158118
3431 0.0003158118
3432 0.0003158118
3433 0.0003158118
3434 0.0003158118
3435 0.0003158118
3436 0.0003158118
3437 0.0003158118
3438 0.0003158118
3439 0.0003158118
3440 0.0003158118
3441 0.0003158118
3442 0.0003158118
3443 0.0003158118
3444 0.0003158118
3445 0.0003158118
3446 0.0003158118
3447 0.0003158118
3448 0.0003158118
3449 0.0003158118
3450 0.0003158118
3451 0.0003158118
3452 0.0003158118
3453 0.0003158118
3454 0.0003158118
3455 0.0003158118
3456 0.0003158118
3457 0.0003158118
3458 0.0003158118
3459 0.0003158118
3460 0.0003158118
3461 0.0003158118
3462 0.0003158118
3463 0.0003158118
3464 0.0003158118
3465 0.0003158118
3466 0.0003158118
3467 0.0003158118
3468 0.0003158118
3469 0.0003158118
3470 0.0003158118
3471 0.0003158118
3472 0.0003158118
3473 0.0003158118
3474 0.0003158118
3475 0.0003158118
3476 0.0003158118
3477 0.0003158118
3478 0.0003158118
3479 0.0003158118
3480 0.0003158118
3481 0.0003158118
3482 0.0003158118
3483 0.0003158118
3484 0.0003158118
3485 0.0003158118
3486 0.0003158118
3487 0.0003158118
3488 0.0003158118
3489 0.0003158118
3490 0.0003158118
3491 0.0003158118
3492 0.0003158118
3493 0.0003158118
3494 0.0003158118
3495 0.0003158118
3496 0.0003158118
3497 0.0002894942
3498 0.0002894942
3499 0.0002894942
3500 0.0002894942
3501 0.0002894942
3502 0.0002894942
3503 0.0002894942
3504 0.0002894942
3505 0.0002894942
3506 0.0002894942
3507 0.0002894942
3508 0.0002894942
3509 0.0002894942
3510 0.0002894942
3511 0.0002894942
3512 0.0002894942
3513 0.0002894942
3514 0.0002894942
3515 0.0002894942
3516 0.0002894942
3517 0.0002894942
3518 0.0002894942
3519 0.0002894942
3520 0.0002894942
3521 0.0002894942
3522 0.0002894942
3523 0.0002894942
3524 0.0002894942
3525 0.0002894942
3526 0.0002894942
3527 0.0002894942
3528 0.0002894942
3529 0.0002894942
3530 0.0002894942
3531 0.0002894942
3532 0.0002894942
3533 0.0002894942
3534 0.0002894942
3535 0.0002894942
3536 0.0002894942
3537 0.0002894942
3538 0.0002894942
3539 0.0002894942
3540 0.0002894942
3541 0.0002894942
3542 0.0002894942
3543 0.0002894942
3544 0.0002894942
3545 0.0002894942
3546 0.0002894942
3547 0.0002894942
3548 0.0002894942
3549 0.0002894942
3550 0.0002894942
3551 0.0002894942
3552 0.0002894942
3553 0.0002894942
3554 0.0002894942
3555 0.0002894942
3556 0.0002894942
3557 0.0002894942
3558 0.0002894942
3559 0.0002631765
3560 0.0002631765
3561 0.0002631765
3562 0.0002631765
3563 0.0002631765
3564 0.0002631765
3565 0.0002631765
3566 0.0002631765
3567 0.0002631765
3568 0.0002631765
3569 0.0002631765
3570 0.0002631765
3571 0.0002631765
3572 0.0002631765
3573 0.0002631765
3574 0.0002631765
3575 0.0002631765
3576 0.0002631765
3577 0.0002631765
3578 0.0002631765
3579 0.0002631765
3580 0.0002631765
3581 0.0002631765
3582 0.0002631765
3583 0.0002631765
3584 0.0002631765
3585 0.0002631765
3586 0.0002631765
3587 0.0002631765
3588 0.0002631765
3589 0.0002631765
3590 0.0002631765
3591 0.0002631765
3592 0.0002631765
3593 0.0002631765
3594 0.0002631765
3595 0.0002631765
3596 0.0002631765
3597 0.0002631765
3598 0.0002631765
3599 0.0002631765
3600 0.0002631765
3601 0.0002631765
3602 0.0002631765
3603 0.0002631765
3604 0.0002631765
3605 0.0002631765
3606 0.0002631765
3607 0.0002631765
3608 0.0002631765
3609 0.0002631765
3610 0.0002631765
3611 0.0002631765
3612 0.0002631765
3613 0.0002631765
3614 0.0002631765
3615 0.0002631765
3616 0.0002631765
3617 0.0002631765
3618 0.0002631765
3619 0.0002631765
3620 0.0002631765
3621 0.0002631765
3622 0.0002631765
3623 0.0002631765
3624 0.0002631765
3625 0.0002631765
3626 0.0002631765
3627 0.0002631765
3628 0.0002368589
3629 0.0002368589
3630 0.0002368589
3631 0.0002368589
3632 0.0002368589
3633 0.0002368589
3634 0.0002368589
3635 0.0002368589
3636 0.0002368589
3637 0.0002368589
3638 0.0002368589
3639 0.0002368589
3640 0.0002368589
3641 0.0002368589
3642 0.0002368589
3643 0.0002368589
3644 0.0002368589
3645 0.0002368589
3646 0.0002368589
3647 0.0002368589
3648 0.0002368589
3649 0.0002368589
3650 0.0002368589
3651 0.0002368589
3652 0.0002368589
3653 0.0002368589
3654 0.0002368589
3655 0.0002368589
3656 0.0002368589
3657 0.0002368589
3658 0.0002368589
3659 0.0002368589
3660 0.0002368589
3661 0.0002368589
3662 0.0002368589
3663 0.0002368589
3664 0.0002368589
3665 0.0002368589
3666 0.0002368589
3667 0.0002368589
3668 0.0002368589
3669 0.0002368589
3670 0.0002368589
3671 0.0002368589
3672 0.0002368589
3673 0.0002368589
3674 0.0002368589
3675 0.0002368589
3676 0.0002368589
3677 0.0002368589
3678 0.0002368589
3679 0.0002368589
3680 0.0002368589
3681 0.0002368589
3682 0.0002368589
3683 0.0002368589
3684 0.0002368589
3685 0.0002368589
3686 0.0002368589
3687 0.0002368589
3688 0.0002368589
3689 0.0002368589
3690 0.0002368589
3691 0.0002368589
3692 0.0002368589
3693 0.0002368589
3694 0.0002368589
3695 0.0002368589
3696 0.0002368589
3697 0.0002368589
3698 0.0002368589
3699 0.0002368589
3700 0.0002368589
3701 0.0002368589
3702 0.0002368589
3703 0.0002368589
3704 0.0002368589
3705 0.0002368589
3706 0.0002368589
3707 0.0002105412
3708 0.0002105412
3709 0.0002105412
3710 0.0002105412
3711 0.0002105412
3712 0.0002105412
3713 0.0002105412
3714 0.0002105412
3715 0.0002105412
3716 0.0002105412
3717 0.0002105412
3718 0.0002105412
3719 0.0002105412
3720 0.0002105412
3721 0.0002105412
3722 0.0002105412
3723 0.0002105412
3724 0.0002105412
3725 0.0002105412
3726 0.0002105412
3727 0.0002105412
3728 0.0002105412
3729 0.0002105412
3730 0.0002105412
3731 0.0002105412
3732 0.0002105412
3733 0.0002105412
3734 0.0002105412
3735 0.0002105412
3736 0.0002105412
3737 0.0002105412
3738 0.0002105412
3739 0.0002105412
3740 0.0002105412
3741 0.0002105412
3742 0.0002105412
3743 0.0002105412
3744 0.0002105412
3745 0.0002105412
3746 0.0002105412
3747 0.0002105412
3748 0.0002105412
3749 0.0002105412
3750 0.0002105412
3751 0.0002105412
3752 0.0002105412
3753 0.0002105412
3754 0.0002105412
3755 0.0002105412
3756 0.0002105412
3757 0.0002105412
3758 0.0002105412
3759 0.0002105412
3760 0.0002105412
3761 0.0002105412
3762 0.0002105412
3763 0.0002105412
3764 0.0002105412
3765 0.0002105412
3766 0.0002105412
3767 0.0002105412
3768 0.0002105412
3769 0.0002105412
3770 0.0002105412
3771 0.0002105412
3772 0.0002105412
3773 0.0002105412
3774 0.0002105412
3775 0.0002105412
3776 0.0002105412
3777 0.0002105412
3778 0.0002105412
3779 0.0002105412
3780 0.0002105412
3781 0.0002105412
3782 0.0002105412
3783 0.0002105412
3784 0.0002105412
3785 0.0002105412
3786 0.0002105412
3787 0.0002105412
3788 0.0002105412
3789 0.0002105412
3790 0.0002105412
3791 0.0002105412
3792 0.0002105412
3793 0.0002105412
3794 0.0002105412
3795 0.0002105412
3796 0.0002105412
3797 0.0002105412
3798 0.0002105412
3799 0.0002105412
3800 0.0002105412
3801 0.0002105412
3802 0.0002105412
3803 0.0002105412
3804 0.0002105412
3805 0.0002105412
3806 0.0002105412
3807 0.0002105412
3808 0.0002105412
3809 0.0002105412
3810 0.0002105412
3811 0.0001842236
3812 0.0001842236
3813 0.0001842236
3814 0.0001842236
3815 0.0001842236
3816 0.0001842236
3817 0.0001842236
3818 0.0001842236
3819 0.0001842236
3820 0.0001842236
3821 0.0001842236
3822 0.0001842236
3823 0.0001842236
3824 0.0001842236
3825 0.0001842236
3826 0.0001842236
3827 0.0001842236
3828 0.0001842236
3829 0.0001842236
3830 0.0001842236
3831 0.0001842236
3832 0.0001842236
3833 0.0001842236
3834 0.0001842236
3835 0.0001842236
3836 0.0001842236
3837 0.0001842236
3838 0.0001842236
3839 0.0001842236
3840 0.0001842236
3841 0.0001842236
3842 0.0001842236
3843 0.0001842236
3844 0.0001842236
3845 0.0001842236
3846 0.0001842236
3847 0.0001842236
3848 0.0001842236
3849 0.0001842236
3850 0.0001842236
3851 0.0001842236
3852 0.0001842236
3853 0.0001842236
3854 0.0001842236
3855 0.0001842236
3856 0.0001842236
3857 0.0001842236
3858 0.0001842236
3859 0.0001842236
3860 0.0001842236
3861 0.0001842236
3862 0.0001842236
3863 0.0001842236
3864 0.0001842236
3865 0.0001842236
3866 0.0001842236
3867 0.0001842236
3868 0.0001842236
3869 0.0001842236
3870 0.0001842236
3871 0.0001842236
3872 0.0001842236
3873 0.0001842236
3874 0.0001842236
3875 0.0001842236
3876 0.0001842236
3877 0.0001842236
3878 0.0001842236
3879 0.0001842236
3880 0.0001842236
3881 0.0001842236
3882 0.0001842236
3883 0.0001842236
3884 0.0001842236
3885 0.0001842236
3886 0.0001842236
3887 0.0001842236
3888 0.0001842236
3889 0.0001842236
3890 0.0001842236
3891 0.0001842236
3892 0.0001842236
3893 0.0001842236
3894 0.0001842236
3895 0.0001842236
3896 0.0001842236
3897 0.0001842236
3898 0.0001842236
3899 0.0001842236
3900 0.0001842236
3901 0.0001842236
3902 0.0001842236
3903 0.0001842236
3904 0.0001842236
3905 0.0001842236
3906 0.0001842236
3907 0.0001842236
3908 0.0001842236
3909 0.0001842236
3910 0.0001579059
3911 0.0001579059
3912 0.0001579059
3913 0.0001579059
3914 0.0001579059
3915 0.0001579059
3916 0.0001579059
3917 0.0001579059
3918 0.0001579059
3919 0.0001579059
3920 0.0001579059
3921 0.0001579059
3922 0.0001579059
3923 0.0001579059
3924 0.0001579059
3925 0.0001579059
3926 0.0001579059
3927 0.0001579059
3928 0.0001579059
3929 0.0001579059
3930 0.0001579059
3931 0.0001579059
3932 0.0001579059
3933 0.0001579059
3934 0.0001579059
3935 0.0001579059
3936 0.0001579059
3937 0.0001579059
3938 0.0001579059
3939 0.0001579059
3940 0.0001579059
3941 0.0001579059
3942 0.0001579059
3943 0.0001579059
3944 0.0001579059
3945 0.0001579059
3946 0.0001579059
3947 0.0001579059
3948 0.0001579059
3949 0.0001579059
3950 0.0001579059
3951 0.0001579059
3952 0.0001579059
3953 0.0001579059
3954 0.0001579059
3955 0.0001579059
3956 0.0001579059
3957 0.0001579059
3958 0.0001579059
3959 0.0001579059
3960 0.0001579059
3961 0.0001579059
3962 0.0001579059
3963 0.0001579059
3964 0.0001579059
3965 0.0001579059
3966 0.0001579059
3967 0.0001579059
3968 0.0001579059
3969 0.0001579059
3970 0.0001579059
3971 0.0001579059
3972 0.0001579059
3973 0.0001579059
3974 0.0001579059
3975 0.0001579059
3976 0.0001579059
3977 0.0001579059
3978 0.0001579059
3979 0.0001579059
3980 0.0001579059
3981 0.0001579059
3982 0.0001579059
3983 0.0001579059
3984 0.0001579059
3985 0.0001579059
3986 0.0001579059
3987 0.0001579059
3988 0.0001579059
3989 0.0001579059
3990 0.0001579059
3991 0.0001579059
3992 0.0001579059
3993 0.0001579059
3994 0.0001579059
3995 0.0001579059
3996 0.0001579059
3997 0.0001579059
3998 0.0001579059
3999 0.0001579059
4000 0.0001579059
4001 0.0001579059
4002 0.0001579059
4003 0.0001579059
4004 0.0001579059
4005 0.0001579059
4006 0.0001579059
4007 0.0001579059
4008 0.0001579059
4009 0.0001579059
4010 0.0001579059
4011 0.0001579059
4012 0.0001579059
4013 0.0001579059
4014 0.0001579059
4015 0.0001579059
4016 0.0001579059
4017 0.0001579059
4018 0.0001579059
4019 0.0001579059
4020 0.0001579059
4021 0.0001579059
4022 0.0001579059
4023 0.0001579059
4024 0.0001579059
4025 0.0001579059
4026 0.0001579059
4027 0.0001315883
4028 0.0001315883
4029 0.0001315883
4030 0.0001315883
4031 0.0001315883
4032 0.0001315883
4033 0.0001315883
4034 0.0001315883
4035 0.0001315883
4036 0.0001315883
4037 0.0001315883
4038 0.0001315883
4039 0.0001315883
4040 0.0001315883
4041 0.0001315883
4042 0.0001315883
4043 0.0001315883
4044 0.0001315883
4045 0.0001315883
4046 0.0001315883
4047 0.0001315883
4048 0.0001315883
4049 0.0001315883
4050 0.0001315883
4051 0.0001315883
4052 0.0001315883
4053 0.0001315883
4054 0.0001315883
4055 0.0001315883
4056 0.0001315883
4057 0.0001315883
4058 0.0001315883
4059 0.0001315883
4060 0.0001315883
4061 0.0001315883
4062 0.0001315883
4063 0.0001315883
4064 0.0001315883
4065 0.0001315883
4066 0.0001315883
4067 0.0001315883
4068 0.0001315883
4069 0.0001315883
4070 0.0001315883
4071 0.0001315883
4072 0.0001315883
4073 0.0001315883
4074 0.0001315883
4075 0.0001315883
4076 0.0001315883
4077 0.0001315883
4078 0.0001315883
4079 0.0001315883
4080 0.0001315883
4081 0.0001315883
4082 0.0001315883
4083 0.0001315883
4084 0.0001315883
4085 0.0001315883
4086 0.0001315883
4087 0.0001315883
4088 0.0001315883
4089 0.0001315883
4090 0.0001315883
4091 0.0001315883
4092 0.0001315883
4093 0.0001315883
4094 0.0001315883
4095 0.0001315883
4096 0.0001315883
4097 0.0001315883
4098 0.0001315883
4099 0.0001315883
4100 0.0001315883
4101 0.0001315883
4102 0.0001315883
4103 0.0001315883
4104 0.0001315883
4105 0.0001315883
4106 0.0001315883
4107 0.0001315883
4108 0.0001315883
4109 0.0001315883
4110 0.0001315883
4111 0.0001315883
4112 0.0001315883
4113 0.0001315883
4114 0.0001315883
4115 0.0001315883
4116 0.0001315883
4117 0.0001315883
4118 0.0001315883
4119 0.0001315883
4120 0.0001315883
4121 0.0001315883
4122 0.0001315883
4123 0.0001315883
4124 0.0001315883
4125 0.0001315883
4126 0.0001315883
4127 0.0001315883
4128 0.0001315883
4129 0.0001315883
4130 0.0001315883
4131 0.0001315883
4132 0.0001315883
4133 0.0001315883
4134 0.0001315883
4135 0.0001315883
4136 0.0001315883
4137 0.0001315883
4138 0.0001315883
4139 0.0001315883
4140 0.0001315883
4141 0.0001315883
4142 0.0001315883
4143 0.0001315883
4144 0.0001315883
4145 0.0001052706
4146 0.0001052706
4147 0.0001052706
4148 0.0001052706
4149 0.0001052706
4150 0.0001052706
4151 0.0001052706
4152 0.0001052706
4153 0.0001052706
4154 0.0001052706
4155 0.0001052706
4156 0.0001052706
4157 0.0001052706
4158 0.0001052706
4159 0.0001052706
4160 0.0001052706
4161 0.0001052706
4162 0.0001052706
4163 0.0001052706
4164 0.0001052706
4165 0.0001052706
4166 0.0001052706
4167 0.0001052706
4168 0.0001052706
4169 0.0001052706
4170 0.0001052706
4171 0.0001052706
4172 0.0001052706
4173 0.0001052706
4174 0.0001052706
4175 0.0001052706
4176 0.0001052706
4177 0.0001052706
4178 0.0001052706
4179 0.0001052706
4180 0.0001052706
4181 0.0001052706
4182 0.0001052706
4183 0.0001052706
4184 0.0001052706
4185 0.0001052706
4186 0.0001052706
4187 0.0001052706
4188 0.0001052706
4189 0.0001052706
4190 0.0001052706
4191 0.0001052706
4192 0.0001052706
4193 0.0001052706
4194 0.0001052706
4195 0.0001052706
4196 0.0001052706
4197 0.0001052706
4198 0.0001052706
4199 0.0001052706
4200 0.0001052706
4201 0.0001052706
4202 0.0001052706
4203 0.0001052706
4204 0.0001052706
4205 0.0001052706
4206 0.0001052706
4207 0.0001052706
4208 0.0001052706
4209 0.0001052706
4210 0.0001052706
4211 0.0001052706
4212 0.0001052706
4213 0.0001052706
4214 0.0001052706
4215 0.0001052706
4216 0.0001052706
4217 0.0001052706
4218 0.0001052706
4219 0.0001052706
4220 0.0001052706
4221 0.0001052706
4222 0.0001052706
4223 0.0001052706
4224 0.0001052706
4225 0.0001052706
4226 0.0001052706
4227 0.0001052706
4228 0.0001052706
4229 0.0001052706
4230 0.0001052706
4231 0.0001052706
4232 0.0001052706
4233 0.0001052706
4234 0.0001052706
4235 0.0001052706
4236 0.0001052706
4237 0.0001052706
4238 0.0001052706
4239 0.0001052706
4240 0.0001052706
4241 0.0001052706
4242 0.0001052706
4243 0.0001052706
4244 0.0001052706
4245 0.0001052706
4246 0.0001052706
4247 0.0001052706
4248 0.0001052706
4249 0.0001052706
4250 0.0001052706
4251 0.0001052706
4252 0.0001052706
4253 0.0001052706
4254 0.0001052706
4255 0.0001052706
4256 0.0001052706
4257 0.0001052706
4258 0.0001052706
4259 0.0001052706
4260 0.0001052706
4261 0.0001052706
4262 0.0001052706
4263 0.0001052706
4264 0.0001052706
4265 0.0001052706
4266 0.0001052706
4267 0.0001052706
4268 0.0001052706
4269 0.0001052706
4270 0.0001052706
4271 0.0001052706
4272 0.0001052706
4273 0.0001052706
4274 0.0001052706
4275 0.0001052706
4276 0.0001052706
4277 0.0001052706
4278 0.0001052706
4279 0.0001052706
4280 0.0001052706
4281 0.0001052706
4282 0.0001052706
4283 0.0001052706
4284 0.0001052706
4285 0.0001052706
4286 0.0001052706
4287 0.0001052706
4288 0.0001052706
4289 0.0001052706
4290 0.0001052706
4291 0.0001052706
4292 0.0001052706
4293 0.0001052706
4294 0.0001052706
4295 0.0001052706
4296 0.0001052706
4297 0.0001052706
4298 0.0001052706
4299 0.0001052706
4300 0.0001052706
4301 0.0001052706
4302 0.0001052706
4303 0.0001052706
4304 0.0001052706
4305 0.0001052706
4306 0.0001052706
4307 0.0001052706
4308 0.0001052706
4309 0.0001052706
4310 0.0001052706
4311 0.000078953
4312 0.000078953
4313 0.000078953
4314 0.000078953
4315 0.000078953
4316 0.000078953
4317 0.000078953
4318 0.000078953
4319 0.000078953
4320 0.000078953
4321 0.000078953
4322 0.000078953
4323 0.000078953
4324 0.000078953
4325 0.000078953
4326 0.000078953
4327 0.000078953
4328 0.000078953
4329 0.000078953
4330 0.000078953
4331 0.000078953
4332 0.000078953
4333 0.000078953
4334 0.000078953
4335 0.000078953
4336 0.000078953
4337 0.000078953
4338 0.000078953
4339 0.000078953
4340 0.000078953
4341 0.000078953
4342 0.000078953
4343 0.000078953
4344 0.000078953
4345 0.000078953
4346 0.000078953
4347 0.000078953
4348 0.000078953
4349 0.000078953
4350 0.000078953
4351 0.000078953
4352 0.000078953
4353 0.000078953
4354 0.000078953
4355 0.000078953
4356 0.000078953
4357 0.000078953
4358 0.000078953
4359 0.000078953
4360 0.000078953
4361 0.000078953
4362 0.000078953
4363 0.000078953
4364 0.000078953
4365 0.000078953
4366 0.000078953
4367 0.000078953
4368 0.000078953
4369 0.000078953
4370 0.000078953
4371 0.000078953
4372 0.000078953
4373 0.000078953
4374 0.000078953
4375 0.000078953
4376 0.000078953
4377 0.000078953
4378 0.000078953
4379 0.000078953
4380 0.000078953
4381 0.000078953
4382 0.000078953
4383 0.000078953
4384 0.000078953
4385 0.000078953
4386 0.000078953
4387 0.000078953
4388 0.000078953
4389 0.000078953
4390 0.000078953
4391 0.000078953
4392 0.000078953
4393 0.000078953
4394 0.000078953
4395 0.000078953
4396 0.000078953
4397 0.000078953
4398 0.000078953
4399 0.000078953
4400 0.000078953
4401 0.000078953
4402 0.000078953
4403 0.000078953
4404 0.000078953
4405 0.000078953
4406 0.000078953
4407 0.000078953
4408 0.000078953
4409 0.000078953
4410 0.000078953
4411 0.000078953
4412 0.000078953
4413 0.000078953
4414 0.000078953
4415 0.000078953
4416 0.000078953
4417 0.000078953
4418 0.000078953
4419 0.000078953
4420 0.000078953
4421 0.000078953
4422 0.000078953
4423 0.000078953
4424 0.000078953
4425 0.000078953
4426 0.000078953
4427 0.000078953
4428 0.000078953
4429 0.000078953
4430 0.000078953
4431 0.000078953
4432 0.000078953
4433 0.000078953
4434 0.000078953
4435 0.000078953
4436 0.000078953
4437 0.000078953
4438 0.000078953
4439 0.000078953
4440 0.000078953
4441 0.000078953
4442 0.000078953
4443 0.000078953
4444 0.000078953
4445 0.000078953
4446 0.000078953
4447 0.000078953
4448 0.000078953
4449 0.000078953
4450 0.000078953
4451 0.000078953
4452 0.000078953
4453 0.000078953
4454 0.000078953
4455 0.000078953
4456 0.000078953
4457 0.000078953
4458 0.000078953
4459 0.000078953
4460 0.000078953
4461 0.000078953
4462 0.000078953
4463 0.000078953
4464 0.000078953
4465 0.000078953
4466 0.000078953
4467 0.000078953
4468 0.000078953
4469 0.000078953
4470 0.000078953
4471 0.000078953
4472 0.000078953
4473 0.000078953
4474 0.000078953
4475 0.000078953
4476 0.000078953
4477 0.000078953
4478 0.000078953
4479 0.000078953
4480 0.000078953
4481 0.000078953
4482 0.000078953
4483 0.000078953
4484 0.000078953
4485 0.000078953
4486 0.000078953
4487 0.000078953
4488 0.000078953
4489 0.000078953
4490 0.000078953
4491 0.000078953
4492 0.000078953
4493 0.000078953
4494 0.000078953
4495 0.000078953
4496 0.000078953
4497 0.000078953
4498 0.000078953
4499 0.000078953
4500 0.000078953
4501 0.000078953
4502 0.000078953
4503 0.000078953
4504 0.000078953
4505 0.000078953
4506 0.000078953
4507 0.000078953
4508 5.263531E-005
4509 5.263531E-005
4510 5.263531E-005
4511 5.263531E-005
4512 5.263531E-005
4513 5.263531E-005
4514 5.263531E-005
4515 5.263531E-005
4516 5.263531E-005
4517 5.263531E-005
4518 5.263531E-005
4519 5.263531E-005
4520 5.263531E-005
4521 5.263531E-005
4522 5.263531E-005
4523 5.263531E-005
4524 5.263531E-005
4525 5.263531E-005
4526 5.263531E-005
4527 5.263531E-005
4528 5.263531E-005
4529 5.263531E-005
4530 5.263531E-005
4531 5.263531E-005
4532 5.263531E-005
4533 5.263531E-005
4534 5.263531E-005
4535 5.263531E-005
4536 5.263531E-005
4537 5.263531E-005
4538 5.263531E-005
4539 5.263531E-005
4540 5.263531E-005
4541 5.263531E-005
4542 5.263531E-005
4543 5.263531E-005
4544 5.263531E-005
4545 5.263531E-005
4546 5.263531E-005
4547 5.263531E-005
4548 5.263531E-005
4549 5.263531E-005
4550 5.263531E-005
4551 5.263531E-005
4552 5.263531E-005
4553 5.263531E-005
4554 5.263531E-005
4555 5.263531E-005
4556 5.263531E-005
4557 5.263531E-005
4558 5.263531E-005
4559 5.263531E-005
4560 5.263531E-005
4561 5.263531E-005
4562 5.263531E-005
4563 5.263531E-005
4564 5.263531E-005
4565 5.263531E-005
4566 5.263531E-005
4567 5.263531E-005
4568 5.263531E-005
4569 5.263531E-005
4570 5.263531E-005
4571 5.263531E-005
4572 5.263531E-005
4573 5.263531E-005
4574 5.263531E-005
4575 5.263531E-005
4576 5.263531E-005
4577 5.263531E-005
4578 5.263531E-005
4579 5.263531E-005
4580 5.263531E-005
4581 5.263531E-005
4582 5.263531E-005
4583 5.263531E-005
4584 5.263531E-005
4585 5.263531E-005
4586 5.263531E-005
4587 5.263531E-005
4588 5.263531E-005
4589 5.263531E-005
4590 5.263531E-005
4591 5.263531E-005
4592 5.263531E-005
4593 5.263531E-005
4594 5.263531E-005
4595 5.263531E-005
4596 5.263531E-005
4597 5.263531E-005
4598 5.263531E-005
4599 5.263531E-005
4600 5.263531E-005
4601 5.263531E-005
4602 5.263531E-005
4603 5.263531E-005
4604 5.263531E-005
4605 5.263531E-005
4606 5.263531E-005
4607 5.263531E-005
4608 5.263531E-005
4609 5.263531E-005
4610 5.263531E-005
4611 5.263531E-005
4612 5.263531E-005
4613 5.263531E-005
4614 5.263531E-005
4615 5.263531E-005
4616 5.263531E-005
4617 5.263531E-005
4618 5.263531E-005
4619 5.263531E-005
4620 5.263531E-005
4621 5.263531E-005
4622 5.263531E-005
4623 5.263531E-005
4624 5.263531E-005
4625 5.263531E-005
4626 5.263531E-005
4627 5.263531E-005
4628 5.263531E-005
4629 5.263531E-005
4630 5.263531E-005
4631 5.263531E-005
4632 5.263531E-005
4633 5.263531E-005
4634 5.263531E-005
4635 5.263531E-005
4636 5.263531E-005
4637 5.263531E-005
4638 5.263531E-005
4639 5.263531E-005
4640 5.263531E-005
4641 5.263531E-005
4642 5.263531E-005
4643 5.263531E-005
4644 5.263531E-005
4645 5.263531E-005
4646 5.263531E-005
4647 5.263531E-005
4648 5.263531E-005
4649 5.263531E-005
4650 5.263531E-005
4651 5.263531E-005
4652 5.263531E-005
4653 5.263531E-005
4654 5.263531E-005
4655 5.263531E-005
4656 5.263531E-005
4657 5.263531E-005
4658 5.263531E-005
4659 5.263531E-005
4660 5.263531E-005
4661 5.263531E-005
4662 5.263531E-005
4663 5.263531E-005
4664 5.263531E-005
4665 5.263531E-005
4666 5.263531E-005
4667 5.263531E-005
4668 5.263531E-005
4669 5.263531E-005
4670 5.263531E-005
4671 5.263531E-005
4672 5.263531E-005
4673 5.263531E-005
4674 5.263531E-005
4675 5.263531E-005
4676 5.263531E-005
4677 5.263531E-005
4678 5.263531E-005
4679 5.263531E-005
4680 5.263531E-005
4681 5.263531E-005
4682 5.263531E-005
4683 5.263531E-005
4684 5.263531E-005
4685 5.263531E-005
4686 5.263531E-005
4687 5.263531E-005
4688 5.263531E-005
4689 5.263531E-005
4690 5.263531E-005
4691 5.263531E-005
4692 5.263531E-005
4693 5.263531E-005
4694 5.263531E-005
4695 5.263531E-005
4696 5.263531E-005
4697 5.263531E-005
4698 5.263531E-005
4699 5.263531E-005
4700 5.263531E-005
4701 5.263531E-005
4702 5.263531E-005
4703 5.263531E-005
4704 5.263531E-005
4705 5.263531E-005
4706 5.263531E-005
4707 5.263531E-005
4708 5.263531E-005
4709 5.263531E-005
4710 5.263531E-005
4711 5.263531E-005
4712 5.263531E-005
4713 5.263531E-005
4714 5.263531E-005
4715 5.263531E-005
4716 5.263531E-005
4717 5.263531E-005
4718 5.263531E-005
4719 5.263531E-005
4720 5.263531E-005
4721 5.263531E-005
4722 5.263531E-005
4723 5.263531E-005
4724 5.263531E-005
4725 5.263531E-005
4726 5.263531E-005
4727 5.263531E-005
4728 5.263531E-005
4729 5.263531E-005
4730 5.263531E-005
4731 5.263531E-005
4732 5.263531E-005
4733 5.263531E-005
4734 5.263531E-005
4735 5.263531E-005
4736 5.263531E-005
4737 5.263531E-005
4738 5.263531E-005
4739 5.263531E-005
4740 5.263531E-005
4741 5.263531E-005
4742 5.263531E-005
4743 5.263531E-005
4744 5.263531E-005
4745 5.263531E-005
4746 5.263531E-005
4747 5.263531E-005
4748 5.263531E-005
4749 5.263531E-005
4750 5.263531E-005
4751 5.263531E-005
4752 5.263531E-005
4753 5.263531E-005
4754 5.263531E-005
4755 5.263531E-005
4756 5.263531E-005
4757 5.263531E-005
4758 5.263531E-005
4759 5.263531E-005
4760 5.263531E-005
4761 5.263531E-005
4762 5.263531E-005
4763 5.263531E-005
4764 5.263531E-005
4765 5.263531E-005
4766 5.263531E-005
4767 5.263531E-005
4768 5.263531E-005
4769 5.263531E-005
4770 5.263531E-005
4771 5.263531E-005
4772 5.263531E-005
4773 5.263531E-005
4774 5.263531E-005
4775 5.263531E-005
4776 5.263531E-005
4777 5.263531E-005
4778 5.263531E-005
4779 5.263531E-005
4780 5.263531E-005
4781 5.263531E-005
4782 5.263531E-005
4783 5.263531E-005
4784 5.263531E-005
4785 5.263531E-005
4786 5.263531E-005
4787 5.263531E-005
4788 5.263531E-005
4789 5.263531E-005
4790 5.263531E-005
4791 5.263531E-005
4792 5.263531E-005
4793 5.263531E-005
4794 5.263531E-005
4795 5.263531E-005
4796 5.263531E-005
4797 5.263531E-005
4798 2.631765E-005
4799 2.631765E-005
4800 2.631765E-005
4801 2.631765E-005
4802 2.631765E-005
4803 2.631765E-005
4804 2.631765E-005
4805 2.631765E-005
4806 2.631765E-005
4807 2.631765E-005
4808 2.631765E-005
4809 2.631765E-005
4810 2.631765E-005
4811 2.631765E-005
4812 2.631765E-005
4813 2.631765E-005
4814 2.631765E-005
4815 2.631765E-005
4816 2.631765E-005
4817 2.631765E-005
4818 2.631765E-005
4819 2.631765E-005
4820 2.631765E-005
4821 2.631765E-005
4822 2.631765E-005
4823 2.631765E-005
4824 2.631765E-005
4825 2.631765E-005
4826 2.631765E-005
4827 2.631765E-005
4828 2.631765E-005
4829 2.631765E-005
4830 2.631765E-005
4831 2.631765E-005
4832 2.631765E-005
4833 2.631765E-005
4834 2.631765E-005
4835 2.631765E-005
4836 2.631765E-005
4837 2.631765E-005
4838 2.631765E-005
4839 2.631765E-005
4840 2.631765E-005
4841 2.631765E-005
4842 2.631765E-005
4843 2.631765E-005
4844 2.631765E-005
4845 2.631765E-005
4846 2.631765E-005
4847 2.631765E-005
4848 2.631765E-005
4849 2.631765E-005
4850 2.631765E-005
4851 2.631765E-005
4852 2.631765E-005
4853 2.631765E-005
4854 2.631765E-005
4855 2.631765E-005
4856 2.631765E-005
4857 2.631765E-005
4858 2.631765E-005
4859 2.631765E-005
4860 2.631765E-005
4861 2.631765E-005
4862 2.631765E-005
4863 2.631765E-005
4864 2.631765E-005
4865 2.631765E-005
4866 2.631765E-005
4867 2.631765E-005
4868 2.631765E-005
4869 2.631765E-005
4870 2.631765E-005
4871 2.631765E-005
4872 2.631765E-005
4873 2.631765E-005
4874 2.631765E-005
4875 2.631765E-005
4876 2.631765E-005
4877 2.631765E-005
4878 2.631765E-005
4879 2.631765E-005
4880 2.631765E-005
4881 2.631765E-005
4882 2.631765E-005
4883 2.631765E-005
4884 2.631765E-005
4885 2.631765E-005
4886 2.631765E-005
4887 2.631765E-005
4888 2.631765E-005
4889 2.631765E-005
4890 2.631765E-005
4891 2.631765E-005
4892 2.631765E-005
4893 2.631765E-005
4894 2.631765E-005
4895 2.631765E-005
4896 2.631765E-005
4897 2.631765E-005
4898 2.631765E-005
4899 2.631765E-005
4900 2.631765E-005
4901 2.631765E-005
4902 2.631765E-005
4903 2.631765E-005
4904 2.631765E-005
4905 2.631765E-005
4906 2.631765E-005
4907 2.631765E-005
4908 2.631765E-005
4909 2.631765E-005
4910 2.631765E-005
4911 2.631765E-005
4912 2.631765E-005
4913 2.631765E-005
4914 2.631765E-005
4915 2.631765E-005
4916 2.631765E-005
4917 2.631765E-005
4918 2.631765E-005
4919 2.631765E-005
4920 2.631765E-005
4921 2.631765E-005
4922 2.631765E-005
4923 2.631765E-005
4924 2.631765E-005
4925 2.631765E-005
4926 2.631765E-005
4927 2.631765E-005
4928 2.631765E-005
4929 2.631765E-005
4930 2.631765E-005
4931 2.631765E-005
4932 2.631765E-005
4933 2.631765E-005
4934 2.631765E-005
4935 2.631765E-005
4936 2.631765E-005
4937 2.631765E-005
4938 2.631765E-005
4939 2.631765E-005
4940 2.631765E-005
4941 2.631765E-005
4942 2.631765E-005
4943 2.631765E-005
4944 2.631765E-005
4945 2.631765E-005
4946 2.631765E-005
4947 2.631765E-005
4948 2.631765E-005
4949 2.631765E-005
4950 2.631765E-005
4951 2.631765E-005
4952 2.631765E-005
4953 2.631765E-005
4954 2.631765E-005
4955 2.631765E-005
4956 2.631765E-005
4957 2.631765E-005
4958 2.631765E-005
4959 2.631765E-005
4960 2.631765E-005
4961 2.631765E-005
4962 2.631765E-005
4963 2.631765E-005
4964 2.631765E-005
4965 2.631765E-005
4966 2.631765E-005
4967 2.631765E-005
4968 2.631765E-005
4969 2.631765E-005
4970 2.631765E-005
4971 2.631765E-005
4972 2.631765E-005
4973 2.631765E-005
4974 2.631765E-005
4975 2.631765E-005
4976 2.631765E-005
4977 2.631765E-005
4978 2.631765E-005
4979 2.631765E-005
4980 2.631765E-005
4981 2.631765E-005
4982 2.631765E-005
4983 2.631765E-005
4984 2.631765E-005
4985 2.631765E-005
4986 2.631765E-005
4987 2.631765E-005
4988 2.631765E-005
4989 2.631765E-005
4990 2.631765E-005
4991 2.631765E-005
4992 2.631765E-005
4993 2.631765E-005
4994 2.631765E-005
4995 2.631765E-005
4996 2.631765E-005
4997 2.631765E-005
4998 2.631765E-005
4999 2.631765E-005
5000 2.631765E-005
5001 2.631765E-005
5002 2.631765E-005
5003 2.631765E-005
5004 2.631765E-005
5005 2.631765E-005
5006 2.631765E-005
5007 2.631765E-005
5008 2.631765E-005
5009 2.631765E-005
5010 2.631765E-005
5011 2.631765E-005
5012 2.631765E-005
5013 2.631765E-005
5014 2.631765E-005
5015 2.631765E-005
5016 2.631765E-005
5017 2.631765E-005
5018 2.631765E-005
5019 2.631765E-005
5020 2.631765E-005
5021 2.631765E-005
5022 2.631765E-005
5023 2.631765E-005
5024 2.631765E-005
5025 2.631765E-005
5026 2.631765E-005
5027 2.631765E-005
5028 2.631765E-005
5029 2.631765E-005
5030 2.631765E-005
5031 2.631765E-005
5032 2.631765E-005
5033 2.631765E-005
5034 2.631765E-005
5035 2.631765E-005
5036 2.631765E-005
5037 2.631765E-005
5038 2.631765E-005
5039 2.631765E-005
5040 2.631765E-005
5041 2.631765E-005
5042 2.631765E-005
5043 2.631765E-005
5044 2.631765E-005
5045 2.631765E-005
5046 2.631765E-005
5047 2.631765E-005
5048 2.631765E-005
5049 2.631765E-005
5050 2.631765E-005
5051 2.631765E-005
5052 2.631765E-005
5053 2.631765E-005
5054 2.631765E-005
5055 2.631765E-005
5056 2.631765E-005
5057 2.631765E-005
5058 2.631765E-005
5059 2.631765E-005
5060 2.631765E-005
5061 2.631765E-005
5062 2.631765E-005
5063 2.631765E-005
5064 2.631765E-005
5065 2.631765E-005
5066 2.631765E-005
5067 2.631765E-005
5068 2.631765E-005
5069 2.631765E-005
5070 2.631765E-005
5071 2.631765E-005
5072 2.631765E-005
5073 2.631765E-005
5074 2.631765E-005
5075 2.631765E-005
5076 2.631765E-005
5077 2.631765E-005
5078 2.631765E-005
5079 2.631765E-005
5080 2.631765E-005
5081 2.631765E-005
5082 2.631765E-005
5083 2.631765E-005
5084 2.631765E-005
5085 2.631765E-005
5086 2.631765E-005
5087 2.631765E-005
5088 2.631765E-005
5089 2.631765E-005
5090 2.631765E-005
5091 2.631765E-005
5092 2.631765E-005
5093 2.631765E-005
5094 2.631765E-005
5095 2.631765E-005
5096 2.631765E-005
5097 2.631765E-005
5098 2.631765E-005
5099 2.631765E-005
5100 2.631765E-005
5101 2.631765E-005
5102 2.631765E-005
5103 2.631765E-005
5104 2.631765E-005
5105 2.631765E-005
5106 2.631765E-005
5107 2.631765E-005
5108 2.631765E-005
5109 2.631765E-005
5110 2.631765E-005
5111 2.631765E-005
5112 2.631765E-005
5113 2.631765E-005
5114 2.631765E-005
5115 2.631765E-005
5116 2.631765E-005
5117 2.631765E-005
5118 2.631765E-005
5119 2.631765E-005
5120 2.631765E-005
5121 2.631765E-005
5122 2.631765E-005
5123 2.631765E-005
5124 2.631765E-005
5125 2.631765E-005
5126 2.631765E-005
5127 2.631765E-005
5128 2.631765E-005
5129 2.631765E-005
5130 2.631765E-005
5131 2.631765E-005
5132 2.631765E-005
5133 2.631765E-005
5134 2.631765E-005
5135 2.631765E-005
5136 2.631765E-005
5137 2.631765E-005
5138 2.631765E-005
5139 2.631765E-005
5140 2.631765E-005
5141 2.631765E-005
5142 2.631765E-005
5143 2.631765E-005
5144 2.631765E-005
5145 2.631765E-005
5146 2.631765E-005
5147 2.631765E-005
5148 2.631765E-005
5149 2.631765E-005
5150 2.631765E-005
5151 2.631765E-005
5152 2.631765E-005
5153 2.631765E-005
5154 2.631765E-005
5155 2.631765E-005
5156 2.631765E-005
5157 2.631765E-005
5158 2.631765E-005
5159 2.631765E-005
5160 2.631765E-005
5161 2.631765E-005
5162 2.631765E-005
5163 2.631765E-005
5164 2.631765E-005
5165 2.631765E-005
5166 2.631765E-005
5167 2.631765E-005
5168 2.631765E-005
5169 2.631765E-005
5170 2.631765E-005
5171 2.631765E-005
5172 2.631765E-005
5173 2.631765E-005
5174 2.631765E-005
5175 2.631765E-005
5176 2.631765E-005
5177 2.631765E-005
5178 2.631765E-005
5179 2.631765E-005
5180 2.631765E-005
5181 2.631765E-005
5182 2.631765E-005
5183 2.631765E-005
5184 2.631765E-005
5185 2.631765E-005
5186 2.631765E-005
5187 2.631765E-005
5188 2.631765E-005
5189 2.631765E-005
5190 2.631765E-005
5191 2.631765E-005
5192 2.631765E-005
5193 2.631765E-005
5194 2.631765E-005
5195 2.631765E-005
5196 2.631765E-005
5197 2.631765E-005
5198 2.631765E-005
5199 2.631765E-005
5200 2.631765E-005
5201 2.631765E-005
5202 2.631765E-005
5203 2.631765E-005
5204 2.631765E-005
5205 2.631765E-005
5206 2.631765E-005
5207 2.631765E-005
5208 2.631765E-005
5209 2.631765E-005
5210 2.631765E-005
5211 2.631765E-005
5212 2.631765E-005
5213 2.631765E-005
5214 2.631765E-005
5215 2.631765E-005
5216 2.631765E-005
5217 2.631765E-005
5218 2.631765E-005
5219 2.631765E-005
5220 2.631765E-005
5221 2.631765E-005
5222 2.631765E-005
5223 2.631765E-005
5224 2.631765E-005
5225 2.631765E-005
5226 2.631765E-005
5227 2.631765E-005
5228 2.631765E-005
5229 2.631765E-005
