#此表估计是汉字频率表。
3.235992
1.386861
1.055654
1.052022
1.00115
0.9439352
0.865377
0.772002
0.7666595
0.7550798
0.7341573
0.6876276
0.6010425
0.5645136
0.5436964
0.5385381
0.4849027
0.4707702
0.4635855
0.453611
0.4523478
0.4295567
0.4058709
0.4055287
0.3971071
0.3925278
0.3864221
0.3853957
0.3852641
0.3833956
0.3710789
0.3550251
0.3527355
0.3506827
0.3476299
0.3384976
0.3297075
0.3248914
0.3196016
0.3164961
0.3096009
0.2837833
0.283678
0.2811252
0.276967
0.2749405
0.2743352
0.2721508
0.2708613
0.2704929
0.2688875
0.2684927
0.2683611
0.2657293
0.2644661
0.2608606
0.2593868
0.2567813
0.2565971
0.2547286
0.2544127
0.252281
0.2498598
0.2492018
0.2481755
0.247307
0.2455437
0.2433593
0.241096
0.2390959
0.238859
0.2384906
0.238359
0.2354114
0.2345956
0.2292268
0.2287267
0.2236737
0.2214367
0.2209104
0.2205156
0.2193576
0.2176733
0.2173838
0.2170154
0.2163048
0.2152258
0.2150942
0.2139362
0.2083305
0.20812
0.2065409
0.2056725
0.2054356
0.2038565
0.2028828
0.2024091
0.2019617
0.200251
0.2001457
0.2000931
0.1997773
0.1994878
0.1978035
0.1970403
0.1944611
0.1940401
0.1938295
0.1937506
0.1933821
0.1922768
0.1920662
0.1914609
0.1905924
0.1899608
0.1890397
0.1889081
0.1876449
0.1858553
0.1839604
0.1832761
0.1810918
0.1808812
0.1801707
0.1798812
0.1794337
0.1787758
0.1780652
0.1736965
0.1734333
0.1731701
0.1718806
0.1715385
0.1686172
0.1663539
0.1641695
0.1641432
0.1640379
0.1640116
0.1636432
0.1587218
0.1583007
0.1579059
0.1553531
0.1553005
0.1546425
0.154432
0.1537477
0.1531424
0.1524582
0.1491685
0.1480368
0.1479842
0.147642
0.1475368
0.1474052
0.1472473
0.1457735
0.1453524
0.1442207
0.1429048
0.1415363
0.1400889
0.1389572
0.1384835
0.1372729
0.1372202
0.1370887
0.1365097
0.1364044
0.1353517
0.1347727
0.1338779
0.1337463
0.1335621
0.1331673
0.1328515
0.1328252
0.1327199
0.1325094
0.1315883
0.1307461
0.1306671
0.1306408
0.1302461
0.1296408
0.1295881
0.1290355
0.1285881
0.1277196
0.1269037
0.1267721
0.12593
0.1257194
0.1250615
0.1244562
0.1239035
0.1237719
0.1235877
0.1226403
0.1220876
0.121956
0.1219297
0.1216665
0.1214033
0.1211665
0.1210875
0.1202717
0.1190611
0.11864
0.11864
0.1181926
0.1180083
0.117982
0.1177978
0.117482
0.1160082
0.115745
0.1149818
0.114745
0.1138502
0.1137975
0.1134028
0.1129817
0.1124816
0.1114553
0.1113763
0.1110868
0.1105078
0.1096393
0.1095867
0.1092446
0.1089551
0.1087182
0.1083761
0.1079024
0.1078497
0.1077708
0.1049811
0.1048495
0.1040863
0.1040074
0.1037705
0.1035073
0.1024546
0.1022704
0.1021914
0.1019809
0.101244
0.1005861
0.1004808
0.09987549
0.09966495
0.09966495
0.099007
0.09892805
0.09837538
0.0982438
0.09803326
0.09755954
0.09729636
0.09648051
0.09608575
0.09566467
0.0955594
0.09542781
0.09519095
0.09492777
0.09490146
0.09455933
0.09379612
0.09219074
0.09166438
0.09148016
0.09142753
0.09061168
0.09053273
0.08966424
0.08913789
0.08890104
0.08874313
0.0876641
0.08763778
0.08755883
0.08716406
0.08616399
0.0854271
0.08505865
0.08469021
0.08384804
0.08282165
0.08253216
0.08240057
0.08171631
0.08116364
0.08100573
0.08097941
0.08097941
0.08068992
0.08068992
0.08055833
0.08055833
0.08053201
0.08047938
0.08026884
0.0796109
0.07937404
0.07926877
0.07890032
0.07858451
0.07850556
0.07837397
0.07834765
0.07832134
0.07824238
0.07818975
0.07800552
0.07758444
0.07718968
0.07716336
0.07661068
0.07632119
0.07624224
0.07624224
0.07600538
0.07566325
0.0755843
0.07526848
0.07490004
0.0748474
0.07482108
0.07476845
0.07355784
0.07339993
0.07332098
0.07313675
0.07311044
0.07292622
0.07237354
0.07208405
0.07195246
0.07145242
0.07105766
0.07063658
0.07061026
0.07018918
0.07003127
0.06997863
0.06982073
0.06979442
0.06934701
0.06932069
0.06908384
0.06905752
0.06855749
0.06839958
0.06834694
0.06821536
0.06818903
0.06808376
0.06795218
0.06792586
0.06782059
0.06782059
0.06771532
0.06763636
0.06755741
0.06747846
0.06747846
0.06684683
0.06658366
0.06637312
0.06618889
0.06613626
0.06603099
0.06584676
0.06584676
0.06576781
0.06576781
0.06542569
0.06537305
0.06537305
0.06534673
0.06492565
0.06460983
0.06453088
0.06437298
0.06429403
0.06379399
0.0636624
0.06363609
0.06339923
0.06334659
0.06268865
0.06239915
0.06237284
0.06213598
0.06200439
0.06163594
0.06147803
0.06121486
0.06103063
0.060978
0.06095168
0.06071482
0.06047796
0.06047796
0.0602411
0.06016215
0.05992529
0.05979371
0.05971476
0.05966212
0.05950421
0.05929367
0.0591884
0.05892522
0.05876732
0.05837255
0.05831992
0.0582936
0.05821465
0.05808306
0.05800411
0.05789883
0.05779357
0.05771461
0.05763566
0.05747775
0.05747775
0.05731985
0.05721457
0.05716194
0.05713562
0.05705667
0.05705667
0.05692508
0.05687245
0.05668823
0.05629346
0.05613555
0.05542497
0.05526707
0.05513548
0.05505653
0.0548723
0.05474072
0.05466177
0.05463545
0.05463545
0.05387223
0.05360906
0.0529248
0.05289848
0.05263531
0.05255635
0.05250372
0.05245108
0.05245108
0.05245108
0.05234581
0.05200368
0.05195105
0.05192473
0.05189841
0.05166155
0.05155628
0.05124047
0.05089834
0.05081939
0.05079307
0.05050357
0.05047726
0.0502404
0.04976668
0.04958246
0.04952982
0.04947719
0.04937192
0.04921401
0.04916137
0.04905611
0.0488982
0.04887188
0.04871397
0.04850343
0.04810867
0.04808235
0.04795076
0.04792444
0.04787181
0.04776654
0.04766127
0.04752968
0.04724019
0.04705596
0.04702964
0.04681911
0.04676647
0.04674015
0.04671383
0.04668751
0.04660856
0.04650329
0.04639802
0.04626643
0.04610853
0.04610853
0.04574008
0.04571376
0.04571376
0.04560849
0.04552954
0.04550322
0.04539795
0.04505582
0.04500319
0.04500319
0.04497687
0.04495055
0.04487159
0.04481896
0.04481896
0.04450315
0.04437156
0.04423997
0.04416102
0.04413471
0.04410839
0.04400311
0.04384521
0.04376626
0.04366098
0.0435294
0.04310831
0.04300304
0.04295041
0.04284514
0.0426346
0.04258196
0.04258196
0.04252933
0.04250301
0.04242406
0.04239774
0.04216088
0.04208193
0.04195034
0.0418977
0.04160821
0.04152926
0.04152926
0.04150294
0.04142398
0.04134503
0.0412924
0.0412924
0.04108186
0.0410029
0.04095027
0.04087131
0.040845
0.04081868
0.04071341
0.04060814
0.04060814
0.04034496
0.04000283
0.03987124
0.03984493
0.03981861
0.03981861
0.03971334
0.03960807
0.03958175
0.03947648
0.03929225
0.03929225
0.03926594
0.03908172
0.03866063
0.03858168
0.03829218
0.03826587
0.03802901
0.03795006
0.03784478
0.03768688
0.03750265
0.03750265
0.03747633
0.03745002
0.0374237
0.03737107
0.03729212
0.03729212
0.03721316
0.03716052
0.03671313
0.03668681
0.03655522
0.03639732
0.03626572
0.03623941
0.03616045
0.03605518
0.03602887
0.03594991
0.03587096
0.03581833
0.03579201
0.03573937
0.03571305
0.03566042
0.03560778
0.03552883
0.03544988
0.03544988
0.03537092
0.03537092
0.03534461
0.03529197
0.03521302
0.03510775
0.03508143
0.03508143
0.03502879
0.03500248
0.03494984
0.03494984
0.03489721
0.03487089
0.03484457
0.03481825
0.0347393
0.0347393
0.03468667
0.03468667
0.0345814
0.03455508
0.03450244
0.03442349
0.03437085
0.03434454
0.03416031
0.03413399
0.03394977
0.03389714
0.03387082
0.03379187
0.03371291
0.03371291
0.03371291
0.03366028
0.03366028
0.03355501
0.03347605
0.03344974
0.03334447
0.03334447
0.03331815
0.03329183
0.03316024
0.03313392
0.03313392
0.03302865
0.03271284
0.03229176
0.03213385
0.0320549
0.03179172
0.03147591
0.03142328
0.03139696
0.03137064
0.03126537
0.03123905
0.03113378
0.03105483
0.03097588
0.03094956
0.03068638
0.03060743
0.03060743
0.03052848
0.03050216
0.03047584
0.03042321
0.03021267
0.03005476
0.02989686
0.02987054
0.02971263
0.02971263
0.02958104
0.02958104
0.02955472
0.02950209
0.02939682
0.02929155
0.02897574
0.0289231
0.02884415
0.02876519
0.02876519
0.02871256
0.02868624
0.02868624
0.02865992
0.02858097
0.02855465
0.02850202
0.0284757
0.02844938
0.02831779
0.02826516
0.02823884
0.02821252
0.02818621
0.02815989
0.02805462
0.02805462
0.02800198
0.02794935
0.02792303
0.02787039
0.02787039
0.02771249
0.02763353
0.02755458
0.02744931
0.02744931
0.02726509
0.02721245
0.02708086
0.02705454
0.02697559
0.02692296
0.02689664
0.02679137
0.02663347
0.02663347
0.02652819
0.02647556
0.02647556
0.02642292
0.02642292
0.02639661
0.02626502
0.02618606
0.02615974
0.02602816
0.02602816
0.02597552
0.02592289
0.02587025
0.02573867
0.02552812
0.02552812
0.02550181
0.02547549
0.02529126
0.02526494
0.02521231
0.02510704
0.02508072
0.02500177
0.02497545
0.02494913
0.02492282
0.02479123
0.02471228
0.02458069
0.02458069
0.02452805
0.02450174
0.0244491
0.02437015
0.02421224
0.0241596
0.02413329
0.02410697
0.02410697
0.02402802
0.0240017
0.02397538
0.02394906
0.02384379
0.0235543
0.02352798
0.02352798
0.02344903
0.02339639
0.02339639
0.02339639
0.02337008
0.02323849
0.02321217
0.02318585
0.0231069
0.02308058
0.02300163
0.02297531
0.02297531
0.02294899
0.02292268
0.02287004
0.02271213
0.02268582
0.0226595
0.02234369
0.02231737
0.02231737
0.02229105
0.0222121
0.02210683
0.02210683
0.02210683
0.02194892
0.02194892
0.02186997
0.02181733
0.02179101
0.02171206
0.02160679
0.02144889
0.02144889
0.02142257
0.02139625
0.02136993
0.02134361
0.0213173
0.02129098
0.02123835
0.02123835
0.02115939
0.02113308
0.0210278
0.0210278
0.02100149
0.02097517
0.02094885
0.02089621
0.02084358
0.02071199
0.02071199
0.02068568
0.02068568
0.02052777
0.02052777
0.02039618
0.02036986
0.02036986
0.02034355
0.02031723
0.02029091
0.02029091
0.02026459
0.02023827
0.02023827
0.02023827
0.02018564
0.02018564
0.02005405
0.02000142
0.02000142
0.0199751
0.01994878
0.01992246
0.01989615
0.01989615
0.01984351
0.01979087
0.01979087
0.01963297
0.01963297
0.01963297
0.01942243
0.01934347
0.01934347
0.01929084
0.01918557
0.01892239
0.01889607
0.01884344
0.01884344
0.01881712
0.01871185
0.01868553
0.01868553
0.01868553
0.01855394
0.01847499
0.01842236
0.01836972
0.01831709
0.01829077
0.01823813
0.0181855
0.01815918
0.01810654
0.01810654
0.01808023
0.01805391
0.01802759
0.01794864
0.01792232
0.01792232
0.01779073
0.01776442
0.01771178
0.01768546
0.01768546
0.01768546
0.01768546
0.01765914
0.01765914
0.01763283
0.01763283
0.01763283
0.01760651
0.01760651
0.01760651
0.01755388
0.01750124
0.01747492
0.01739597
0.01739597
0.01739597
0.0172907
0.0172907
0.0172907
0.0172907
0.01726438
0.01723806
0.01721174
0.01718543
0.01713279
0.01713279
0.01713279
0.01708016
0.01708016
0.0170012
0.01694857
0.01689593
0.01689593
0.0168433
0.01681698
0.01679066
0.01679066
0.01673803
0.01663276
0.01660644
0.01660644
0.01660644
0.01658012
0.01658012
0.0165538
0.01650117
0.01650117
0.01650117
0.01650117
0.01647485
0.01644853
0.01644853
0.0163959
0.01636958
0.01634326
0.01634326
0.01631694
0.01626431
0.01626431
0.01615904
0.01613272
0.01613272
0.0161064
0.01608009
0.01608009
0.01608009
0.01602745
0.01600113
0.0159485
0.01592218
0.01589586
0.01584323
0.01584323
0.01584323
0.01581691
0.01579059
0.01576427
0.01576427
0.01576427
0.01573796
0.01571164
0.015659
0.0155011
0.0155011
0.01547478
0.01547478
0.01542214
0.01536951
0.01536951
0.01531687
0.01526424
0.01515897
0.01515897
0.01515897
0.01513265
0.01508001
0.0150537
0.0150537
0.01492211
0.01489579
0.01489579
0.01489579
0.01486947
0.01484316
0.01484316
0.01468525
0.01465893
0.01463261
0.0146063
0.0146063
0.01457998
0.01452734
0.01450103
0.01450103
0.01447471
0.01442207
0.01442207
0.01436944
0.0143168
0.0143168
0.01429049
0.01429049
0.01426417
0.01426417
0.01423785
0.01421153
0.01421153
0.01418521
0.01418521
0.0141589
0.01413258
0.01413258
0.01413258
0.01407994
0.01402731
0.01400099
0.01400099
0.01394836
0.01394836
0.01392204
0.01392204
0.01389572
0.01389572
0.01389572
0.01389572
0.0138694
0.01381677
0.01376413
0.0137115
0.01368518
0.01365886
0.01365886
0.01355359
0.01352727
0.01352727
0.01344832
0.01339569
0.01336937
0.01336937
0.01336937
0.01334305
0.01331673
0.0132641
0.0132641
0.01318514
0.01315883
0.01313251
0.01307987
0.01307987
0.01307987
0.01305356
0.01302724
0.01300092
0.01300092
0.0129746
0.01292197
0.01292197
0.01292197
0.01289565
0.01289565
0.01289565
0.01286933
0.01284301
0.0128167
0.0128167
0.01279038
0.01271143
0.01268511
0.01268511
0.01268511
0.01265879
0.01260616
0.01260616
0.01260616
0.01260616
0.01255352
0.01250088
0.01250088
0.01247457
0.01247457
0.01239561
0.01239561
0.0123693
0.0123693
0.01234298
0.01223771
0.01215876
0.01213244
0.01213244
0.01213244
0.01213244
0.0120798
0.0120798
0.01205348
0.01205348
0.01202717
0.01200085
0.01194821
0.0119219
0.01189558
0.01189558
0.01181663
0.01181663
0.01173767
0.01173767
0.01171136
0.01171136
0.01168504
0.01165872
0.0116324
0.0116324
0.0116324
0.0116324
0.0116324
0.01157977
0.01155345
0.01155345
0.01155345
0.0114745
0.0114745
0.01142186
0.01139554
0.01136923
0.01136923
0.01131659
0.01123764
0.01121132
0.01121132
0.011185
0.01113237
0.01113237
0.01107973
0.0110271
0.0110271
0.01097446
0.01097446
0.01094814
0.01092183
0.01089551
0.01086919
0.01086919
0.01084287
0.01079024
0.01076392
0.01076392
0.0107376
0.01071128
0.01071128
0.01071128
0.01065865
0.01063233
0.01063233
0.01060601
0.01060601
0.0105797
0.01052706
0.01052706
0.01047443
0.01047443
0.01044811
0.01044811
0.01044811
0.01042179
0.01039547
0.01034284
0.01034284
0.0102902
0.0102902
0.0102902
0.01021125
0.01021125
0.01018493
0.01015861
0.01010598
0.01010598
0.01002703
0.01002703
0.01002703
0.01000071
0.01000071
0.00997439
0.00997439
0.009921755
0.009921755
0.00986912
0.009816485
0.009816485
0.009763849
0.009763849
0.009763849
0.009763849
0.009737532
0.009684896
0.009684896
0.009658579
0.009658579
0.009632261
0.009605943
0.009579626
0.009553308
0.00952699
0.00952699
0.009500673
0.009474355
0.009448037
0.009369084
0.009342767
0.009342767
0.009316449
0.009263814
0.009263814
0.009263814
0.009237496
0.009237496
0.009211178
0.009211178
0.009184861
0.009158543
0.009158543
0.009132225
0.009132225
0.009132225
0.009105908
0.00907959
0.00907959
0.009053272
0.008948002
0.008948002
0.008948002
0.008921684
0.008921684
0.008921684
0.008895366
0.008895366
0.008895366
0.008842731
0.008842731
0.008842731
0.008842731
0.008790096
0.008790096
0.008737461
0.008737461
0.008711143
0.008711143
0.008711143
0.008684825
0.008684825
0.008658508
0.008658508
0.008658508
0.008658508
0.008658508
0.008658508
0.008632191
0.008632191
0.008632191
0.008605872
0.008605872
0.008579555
0.008553238
0.008553238
0.008553238
0.008526919
0.008500602
0.008500602
0.008474284
0.008474284
0.008474284
0.008474284
0.008474284
0.008474284
0.008421649
0.008421649
0.008421649
0.008421649
0.008395331
0.008395331
0.008369014
0.008369014
0.008342696
0.008342696
0.008342696
0.00829006
0.008263743
0.008263743
0.008237425
0.008211107
0.008184791
0.008184791
0.008158472
0.008158472
0.008158472
0.008132154
0.008105837
0.008105837
0.008079519
0.008079519
0.008079519
0.008000567
0.008000567
0.008000567
0.008000567
0.007974248
0.007974248
0.007974248
0.007947931
0.007921614
0.007921614
0.007921614
0.007895296
0.00784266
0.007816343
0.007763707
0.007763707
0.007763707
0.00773739
0.00773739
0.00773739
0.007711072
0.007684754
0.007684754
0.007684754
0.007658436
0.007658436
0.00763212
0.00763212
0.00763212
0.007605801
0.007605801
0.007579484
0.007579484
0.007579484
0.007526848
0.007526848
0.007500531
0.007500531
0.007500531
0.007500531
0.007500531
0.007500531
0.007474214
0.007447896
0.007447896
0.00739526
0.007368943
0.007316307
0.007316307
0.00728999
0.00728999
0.007263672
0.007263672
0.007263672
0.007237354
0.007211037
0.007211037
0.007184719
0.007105766
0.007079449
0.007053131
0.007053131
0.007053131
0.007026813
0.007026813
0.007026813
0.007000496
0.006974178
0.006974178
0.00694786
0.006921543
0.006921543
0.006921543
0.006895225
0.006895225
0.006895225
0.006868907
0.006868907
0.006868907
0.00684259
0.00684259
0.006816272
0.006816272
0.006763636
0.006737319
0.006737319
0.006737319
0.006737319
0.006711002
0.006711002
0.006711002
0.006684683
0.006658366
0.006658366
0.006658366
0.006658366
0.006632049
0.006632049
0.006579414
0.006553096
0.006553096
0.006553096
0.006526778
0.006526778
0.006526778
0.00650046
0.00650046
0.00650046
0.006474143
0.006447825
0.006447825
0.006421507
0.00639519
0.006368872
0.006368872
0.006342554
0.006342554
0.006342554
0.006316236
0.006316236
0.006316236
0.006316236
0.006263601
0.006237283
0.006237283
0.006237283
0.006210966
0.006210966
0.006184648
0.006184648
0.00615833
0.00615833
0.00615833
0.00615833
0.006132013
0.006132013
0.006132013
0.006132013
0.006105695
0.006105695
0.006079378
0.006079378
0.00605306
0.00605306
0.00605306
0.00605306
0.00605306
0.006026742
0.006000425
0.006000425
0.005974107
0.005974107
0.005974107
0.005947789
0.005921472
0.005921472
0.005895154
0.005895154
0.005895154
0.005895154
0.005868836
0.005842519
0.005842519
0.005816201
0.005816201
0.005816201
0.005789883
0.005763566
0.005763566
0.005763566
0.005737248
0.005737248
0.005710931
0.005710931
0.005710931
0.005710931
0.005710931
0.005684613
0.005684613
0.005684613
0.005684613
0.005684613
0.005658295
0.005658295
0.005658295
0.005631978
0.005631978
0.00560566
0.00560566
0.00560566
0.00560566
0.00560566
0.00560566
0.005579342
0.005579342
0.005553025
0.005553025
0.005553025
0.005526707
0.005526707
0.005526707
0.005500389
0.005474072
0.005474072
0.005474072
0.005474072
0.005474072
0.005474072
0.005447754
0.005447754
0.005447754
0.005447754
0.005447754
0.005447754
0.005421436
0.005395119
0.005395119
0.005395119
0.005395119
0.005368801
0.005368801
0.005368801
0.005368801
0.005368801
0.005368801
0.005289848
0.005289848
0.005289848
0.00526353
0.00526353
0.005237213
0.005237213
0.005237213
0.005237213
0.005237213
0.005210895
0.005210895
0.005210895
0.005210895
0.005210895
0.005184577
0.005184577
0.005184577
0.005184577
0.005184577
0.005184577
0.00515826
0.00515826
0.00515826
0.005131942
0.005131942
0.005131942
0.005131942
0.005105624
0.005105624
0.005079307
0.005079307
0.005079307
0.005079307
0.005079307
0.005079307
0.005079307
0.005079307
0.005052989
0.005052989
0.005052989
0.005052989
0.005026672
0.005026672
0.005026672
0.005000354
0.005000354
0.005000354
0.005000354
0.005000354
0.004974036
0.004974036
0.004947719
0.004947719
0.004947719
0.004921401
0.004921401
0.004921401
0.004921401
0.004921401
0.004921401
0.004895084
0.004895084
0.004895084
0.004868766
0.004868766
0.004868766
0.004868766
0.004868766
0.004868766
0.004842448
0.004842448
0.004842448
0.00481613
0.00481613
0.004789813
0.004789813
0.004789813
0.004763495
0.004763495
0.004763495
0.004737177
0.004737177
0.004737177
0.004737177
0.00471086
0.00471086
0.00471086
0.004684542
0.004684542
0.004684542
0.004684542
0.004684542
0.004684542
0.004684542
0.004605589
0.004605589
0.004605589
0.004605589
0.004605589
0.004579272
0.004579272
0.004579272
0.004579272
0.004579272
0.004552954
0.004552954
0.004552954
0.004526636
0.004526636
0.004500319
0.004474001
0.004474001
0.004474001
0.004474001
0.004474001
0.004474001
0.004447683
0.004447683
0.004447683
0.004447683
0.004447683
0.004447683
0.004421365
0.004421365
0.004395048
0.004395048
0.004395048
0.00436873
0.00436873
0.00436873
0.00436873
0.00436873
0.004342413
0.004342413
0.004342413
0.004342413
0.004316095
0.004316095
0.004316095
0.004289777
0.00426346
0.00426346
0.00426346
0.00426346
0.00426346
0.004237142
0.004237142
0.004210825
0.004210825
0.004210825
0.004210825
0.004184507
0.004184507
0.004184507
0.004184507
0.004158189
0.004158189
0.004131872
0.004131872
0.004131872
0.004131872
0.004079236
0.004079236
0.004052918
0.004052918
0.004052918
0.004026601
0.004026601
0.004026601
0.004026601
0.004000283
0.004000283
0.004000283
0.003973966
0.003973966
0.003947648
0.003947648
0.003947648
0.003947648
0.00392133
0.00392133
0.00392133
0.00392133
0.00392133
0.00392133
0.003895013
0.003895013
0.003895013
0.003895013
0.003868695
0.003868695
0.003868695
0.003868695
0.003868695
0.003842377
0.003842377
0.003842377
0.003842377
0.003842377
0.003842377
0.00381606
0.00381606
0.00381606
0.003789742
0.003789742
0.003789742
0.003763424
0.003737107
0.003737107
0.003737107
0.003737107
0.003737107
0.003737107
0.003737107
0.003710789
0.003710789
0.003710789
0.003684471
0.003684471
0.003684471
0.003684471
0.003684471
0.003658154
0.003658154
0.003658154
0.003658154
0.003658154
0.003658154
0.003658154
0.003658154
0.003631836
0.003631836
0.003631836
0.003631836
0.003631836
0.003631836
0.003605518
0.003605518
0.003605518
0.003605518
0.003605518
0.003579201
0.003579201
0.003579201
0.003579201
0.003552883
0.003552883
0.003552883
0.003552883
0.003552883
0.003526565
0.003526565
0.003526565
0.003526565
0.003500248
0.003500248
0.003500248
0.003500248
0.003500248
0.003500248
0.003500248
0.00347393
0.00347393
0.00347393
0.00347393
0.00347393
0.003447613
0.003447613
0.003447613
0.003447613
0.003447613
0.003447613
0.003447613
0.003421295
0.003421295
0.003421295
0.003394977
0.003394977
0.003394977
0.003394977
0.003394977
0.003394977
0.00336866
0.00336866
0.00336866
0.00336866
0.00336866
0.00336866
0.003342342
0.003342342
0.003342342
0.003342342
0.003342342
0.003342342
0.003316024
0.003316024
0.003316024
0.003316024
0.003316024
0.003289707
0.003289707
0.003289707
0.003263389
0.003263389
0.003263389
0.003263389
0.003263389
0.003263389
0.003263389
0.003263389
0.003263389
0.003237071
0.003237071
0.003237071
0.003237071
0.003237071
0.003237071
0.003237071
0.003210753
0.003210753
0.003210753
0.003210753
0.003210753
0.003210753
0.003210753
0.003210753
0.003184436
0.003184436
0.003184436
0.003184436
0.003158118
0.003158118
0.003158118
0.003158118
0.003158118
0.003131801
0.003131801
0.003131801
0.003131801
0.003131801
0.003131801
0.003131801
0.003131801
0.003131801
0.003131801
0.003131801
0.003105483
0.003105483
0.003105483
0.003105483
0.003105483
0.003079165
0.003079165
0.003079165
0.003052848
0.003052848
0.003052848
0.003052848
0.003052848
0.003052848
0.00302653
0.00302653
0.00302653
0.00302653
0.00302653
0.00302653
0.003000212
0.003000212
0.003000212
0.003000212
0.003000212
0.003000212
0.003000212
0.003000212
0.003000212
0.002973895
0.002973895
0.002973895
0.002947577
0.002947577
0.002947577
0.002947577
0.002947577
0.002947577
0.002921259
0.002921259
0.002921259
0.002921259
0.002894942
0.002894942
0.002894942
0.002894942
0.002894942
0.002868624
0.002868624
0.002868624
0.002868624
0.002868624
0.002868624
0.002868624
0.002868624
0.002868624
0.002868624
0.002868624
0.002842306
0.002842306
0.002842306
0.002842306
0.002842306
0.002842306
0.002842306
0.002842306
0.002842306
0.002842306
0.002842306
0.002815989
0.002815989
0.002815989
0.002815989
0.002815989
0.002815989
0.002815989
0.002815989
0.002789671
0.002789671
0.002789671
0.002789671
0.002789671
0.002763354
0.002763354
0.002763354
0.002763354
0.002763354
0.002763354
0.002763354
0.002763354
0.002763354
0.002737036
0.002737036
0.002737036
0.002737036
0.002710718
0.002710718
0.002710718
0.002710718
0.002710718
0.0026844
0.0026844
0.0026844
0.0026844
0.0026844
0.0026844
0.0026844
0.002658083
0.002658083
0.002658083
0.002658083
0.002658083
0.002658083
0.002631765
0.002631765
0.002631765
0.002631765
0.002631765
0.002631765
0.002631765
0.002631765
0.002605448
0.002605448
0.002605448
0.002605448
0.002605448
0.002605448
0.00257913
0.00257913
0.00257913
0.00257913
0.00257913
0.00257913
0.00257913
0.00257913
0.002552812
0.002552812
0.002552812
0.002552812
0.002552812
0.002552812
0.002552812
0.002552812
0.002552812
0.002526495
0.002526495
0.002526495
0.002526495
0.002526495
0.002526495
0.002526495
0.002526495
0.002526495
0.002526495
0.002500177
0.002500177
0.002500177
0.002500177
0.002500177
0.002500177
0.002500177
0.002500177
0.002473859
0.002473859
0.002473859
0.002473859
0.002473859
0.002473859
0.002447542
0.002447542
0.002447542
0.002447542
0.002421224
0.002421224
0.002421224
0.002421224
0.002421224
0.002421224
0.002394906
0.002394906
0.002394906
0.002394906
0.002368589
0.002368589
0.002368589
0.002368589
0.002368589
0.002342271
0.002342271
0.002342271
0.002342271
0.002342271
0.002342271
0.002342271
0.002342271
0.002342271
0.002315954
0.002315954
0.002315954
0.002289636
0.002289636
0.002289636
0.002289636
0.002289636
0.002289636
0.002289636
0.002289636
0.002289636
0.002289636
0.002263318
0.002263318
0.002263318
0.002263318
0.002263318
0.002263318
0.002263318
0.002237001
0.002237001
0.002237001
0.002237001
0.002237001
0.002237001
0.002237001
0.002237001
0.002237001
0.002237001
0.002237001
0.002237001
0.002237001
0.002237001
0.002210683
0.002210683
0.002210683
0.002210683
0.002210683
0.002210683
0.002210683
0.002210683
0.002184365
0.002184365
0.002184365
0.002184365
0.002184365
0.002184365
0.002184365
0.002158048
0.002158048
0.002158048
0.002158048
0.002158048
0.002158048
0.002158048
0.002158048
0.00213173
0.00213173
0.00213173
0.00213173
0.00213173
0.00213173
0.00213173
0.002105412
0.002105412
0.002105412
0.002105412
0.002105412
0.002105412
0.002105412
0.002105412
0.002105412
0.002105412
0.002105412
0.002105412
0.002079095
0.002079095
0.002079095
0.002079095
0.002079095
0.002079095
0.002079095
0.002079095
0.002052777
0.002052777
0.002052777
0.002052777
0.002052777
0.002052777
0.002052777
0.002052777
0.002026459
0.002026459
0.002026459
0.002026459
0.002026459
0.002026459
0.002026459
0.002026459
0.002026459
0.002026459
0.002000142
0.002000142
0.002000142
0.002000142
0.002000142
0.002000142
0.002000142
0.001973824
0.001973824
0.001973824
0.001973824
0.001973824
0.001973824
0.001973824
0.001947506
0.001947506
0.001947506
0.001947506
0.001947506
0.001947506
0.001947506
0.001947506
0.001947506
0.001947506
0.001947506
0.001947506
0.001947506
0.001947506
0.001921189
0.001921189
0.001921189
0.001921189
0.001894871
0.001894871
0.001894871
0.001894871
0.001894871
0.001894871
0.001894871
0.001894871
0.001894871
0.001894871
0.001894871
0.001894871
0.001894871
0.001868553
0.001868553
0.001868553
0.001868553
0.001868553
0.001868553
0.001868553
0.001868553
0.001868553
0.001868553
0.001842236
0.001842236
0.001842236
0.001842236
0.001842236
0.001842236
0.001842236
0.001842236
0.001842236
0.001842236
0.001815918
0.001815918
0.001815918
0.001815918
0.001815918
0.001815918
0.001815918
0.001815918
0.001815918
0.001815918
0.0017896
0.0017896
0.0017896
0.0017896
0.0017896
0.0017896
0.0017896
0.0017896
0.0017896
0.001763283
0.001763283
0.001763283
0.001763283
0.001763283
0.001763283
0.001763283
0.001763283
0.001763283
0.001763283
0.001763283
0.001736965
0.001736965
0.001736965
0.001736965
0.001736965
0.001736965
0.001736965
0.001736965
0.001736965
0.001736965
0.001736965
0.001736965
0.001736965
0.001710647
0.001710647
0.001710647
0.001710647
0.001710647
0.001710647
0.001710647
0.001710647
0.001710647
0.001710647
0.001710647
0.001710647
0.001710647
0.001710647
0.00168433
0.00168433
0.00168433
0.00168433
0.00168433
0.00168433
0.00168433
0.00168433
0.00168433
0.00168433
0.00168433
0.001658012
0.001658012
0.001658012
0.001658012
0.001658012
0.001658012
0.001658012
0.001658012
0.001631694
0.001631694
0.001631694
0.001631694
0.001631694
0.001631694
0.001631694
0.001631694
0.001631694
0.001605377
0.001605377
0.001605377
0.001605377
0.001605377
0.001605377
0.001605377
0.001605377
0.001605377
0.001605377
0.001605377
0.001605377
0.001579059
0.001579059
0.001579059
0.001579059
0.001579059
0.001579059
0.001579059
0.001579059
0.001552742
0.001552742
0.001552742
0.001552742
0.001552742
0.001552742
0.001526424
0.001526424
0.001526424
0.001526424
0.001526424
0.001526424
0.001526424
0.001526424
0.001526424
0.001526424
0.001526424
0.001526424
0.001526424
0.001526424
0.001526424
0.001526424
0.001526424
0.001526424
0.001500106
0.001500106
0.001500106
0.001500106
0.001500106
0.001500106
0.001500106
0.001500106
0.001500106
0.001500106
0.001500106
0.001500106
0.001500106
0.001500106
0.001500106
0.001473789
0.001473789
0.001473789
0.001473789
0.001473789
0.001473789
0.001473789
0.001473789
0.001473789
0.001473789
0.001473789
0.001447471
0.001447471
0.001447471
0.001447471
0.001447471
0.001447471
0.001447471
0.001447471
0.001447471
0.001447471
0.001447471
0.001447471
0.001447471
0.001447471
0.001447471
0.001421153
0.001421153
0.001421153
0.001421153
0.001421153
0.001421153
0.001421153
0.001421153
0.001421153
0.001421153
0.001421153
0.001421153
0.001421153
0.001421153
0.001421153
0.001421153
0.001394836
0.001394836
0.001394836
0.001394836
0.001394836
0.001394836
0.001394836
0.001394836
0.001394836
0.001394836
0.001394836
0.001368518
0.001368518
0.001368518
0.001368518
0.001368518
0.001368518
0.001368518
0.001368518
0.001368518
0.001368518
0.001368518
0.001368518
0.001368518
0.001368518
0.001368518
0.001368518
0.001368518
0.0013422
0.0013422
0.0013422
0.0013422
0.0013422
0.0013422
0.0013422
0.0013422
0.0013422
0.0013422
0.0013422
0.0013422
0.0013422
0.0013422
0.0013422
0.001315883
0.001315883
0.001315883
0.001315883
0.001315883
0.001315883
0.001315883
0.001315883
0.001315883
0.001289565
0.001289565
0.001289565
0.001289565
0.001289565
0.001289565
0.001289565
0.001289565
0.001289565
0.001289565
0.001289565
0.001263247
0.001263247
0.001263247
0.001263247
0.001263247
0.001263247
0.001263247
0.001263247
0.001263247
0.001263247
0.001263247
0.001263247
0.00123693
0.00123693
0.00123693
0.00123693
0.00123693
0.00123693
0.00123693
0.00123693
0.00123693
0.00123693
0.00123693
0.00123693
0.00123693
0.00123693
0.001210612
0.001210612
0.001210612
0.001210612
0.001210612
0.001210612
0.001210612
0.001210612
0.001210612
0.001210612
0.001210612
0.001210612
0.001210612
0.001210612
0.001210612
0.001210612
0.001210612
0.001184294
0.001184294
0.001184294
0.001184294
0.001184294
0.001184294
0.001184294
0.001184294
0.001184294
0.001184294
0.001184294
0.001184294
0.001184294
0.001184294
0.001184294
0.001184294
0.001157977
0.001157977
0.001157977
0.001157977
0.001157977
0.001157977
0.001157977
0.001157977
0.001131659
0.001131659
0.001131659
0.001131659
0.001131659
0.001131659
0.001131659
0.001131659
0.001131659
0.001131659
0.001131659
0.001131659
0.001131659
0.001131659
0.001105341
0.001105341
0.001105341
0.001105341
0.001105341
0.001105341
0.001105341
0.001105341
0.001105341
0.001105341
0.001079024
0.001079024
0.001079024
0.001079024
0.001079024
0.001079024
0.001079024
0.001079024
0.001079024
0.001079024
0.001079024
0.001079024
0.001079024
0.001079024
0.001079024
0.001052706
0.001052706
0.001052706
0.001052706
0.001052706
0.001052706
0.001052706
0.001052706
0.001052706
0.001052706
0.001052706
0.001052706
0.001052706
0.001052706
0.001052706
0.001052706
0.001052706
0.001052706
0.001026388
0.001026388
0.001026388
0.001026388
0.001026388
0.001026388
0.001026388
0.001026388
0.001026388
0.001026388
0.001026388
0.001026388
0.001026388
0.001026388
0.001026388
0.001026388
0.001000071
0.001000071
0.001000071
0.001000071
0.001000071
0.001000071
0.001000071
0.001000071
0.001000071
0.001000071
0.001000071
0.001000071
0.001000071
0.001000071
0.001000071
0.001000071
0.001000071
0.001000071
0.001000071
0.0009737532
0.0009737532
0.0009737532
0.0009737532
0.0009737532
0.0009737532
0.0009737532
0.0009737532
0.0009737532
0.0009737532
0.0009737532
0.0009737532
0.0009737532
0.0009737532
0.0009474354
0.0009474354
0.0009474354
0.0009474354
0.0009474354
0.0009474354
0.0009474354
0.0009474354
0.0009474354
0.0009474354
0.0009474354
0.0009474354
0.0009474354
0.0009474354
0.0009474354
0.0009474354
0.0009211178
0.0009211178
0.0009211178
0.0009211178
0.0009211178
0.0009211178
0.0009211178
0.0009211178
0.0009211178
0.0009211178
0.0009211178
0.0009211178
0.0009211178
0.0009211178
0.0009211178
0.0009211178
0.0009211178
0.0009211178
0.0008948002
0.0008948002
0.0008948002
0.0008948002
0.0008948002
0.0008948002
0.0008948002
0.0008948002
0.0008948002
0.0008948002
0.0008948002
0.0008948002
0.0008948002
0.0008948002
0.0008948002
0.0008948002
0.0008948002
0.0008684825
0.0008684825
0.0008684825
0.0008684825
0.0008684825
0.0008684825
0.0008684825
0.0008684825
0.0008684825
0.0008684825
0.0008684825
0.0008684825
0.0008684825
0.0008684825
0.0008684825
0.0008684825
0.0008684825
0.0008684825
0.0008684825
0.0008684825
0.0008684825
0.0008684825
0.0008684825
0.0008684825
0.0008684825
0.0008421649
0.0008421649
0.0008421649
0.0008421649
0.0008421649
0.0008421649
0.0008421649
0.0008421649
0.0008421649
0.0008421649
0.0008421649
0.0008421649
0.0008421649
0.0008421649
0.0008421649
0.0008421649
0.0008421649
0.0008421649
0.0008421649
0.0008421649
0.0008421649
0.0008421649
0.0008421649
0.0008421649
0.0008421649
0.0008158472
0.0008158472
0.0008158472
0.0008158472
0.0008158472
0.0008158472
0.0008158472
0.0008158472
0.0008158472
0.0008158472
0.0008158472
0.0008158472
0.0008158472
0.0008158472
0.0008158472
0.0008158472
0.0008158472
0.0008158472
0.0008158472
0.0008158472
0.0007895295
0.0007895295
0.0007895295
0.0007895295
0.0007895295
0.0007895295
0.0007895295
0.0007895295
0.0007895295
0.0007895295
0.0007895295
0.0007895295
0.0007895295
0.0007895295
0.0007895295
0.0007895295
0.0007895295
0.0007895295
0.0007895295
0.0007895295
0.0007895295
0.0007895295
0.0007895295
0.0007895295
0.0007895295
0.0007895295
0.0007895295
0.0007895295
0.0007632119
0.0007632119
0.0007632119
0.0007632119
0.0007632119
0.0007632119
0.0007632119
0.0007632119
0.0007632119
0.0007632119
0.0007632119
0.0007632119
0.0007632119
0.0007632119
0.0007632119
0.0007632119
0.0007632119
0.0007632119
0.0007632119
0.0007632119
0.0007632119
0.0007368943
0.0007368943
0.0007368943
0.0007368943
0.0007368943
0.0007368943
0.0007368943
0.0007368943
0.0007368943
0.0007368943
0.0007368943
0.0007368943
0.0007368943
0.0007368943
0.0007368943
0.0007368943
0.0007368943
0.0007368943
0.0007368943
0.0007368943
0.0007368943
0.0007368943
0.0007368943
0.0007368943
0.0007368943
0.0007368943
0.0007105766
0.0007105766
0.0007105766
0.0007105766
0.0007105766
0.0007105766
0.0007105766
0.0007105766
0.0007105766
0.0007105766
0.0007105766
0.0007105766
0.0007105766
0.0007105766
0.0007105766
0.0007105766
0.0007105766
0.0007105766
0.0007105766
0.000684259
0.000684259
0.000684259
0.000684259
0.000684259
0.000684259
0.000684259
0.000684259
0.000684259
0.000684259
0.000684259
0.000684259
0.000684259
0.000684259
0.000684259
0.000684259
0.000684259
0.000684259
0.000684259
0.000684259
0.000684259
0.000684259
0.000684259
0.0006579413
0.0006579413
0.0006579413
0.0006579413
0.0006579413
0.0006579413
0.0006579413
0.0006579413
0.0006579413
0.0006579413
0.0006579413
0.0006579413
0.0006579413
0.0006579413
0.0006579413
0.0006579413
0.0006579413
0.0006579413
0.0006579413
0.0006579413
0.0006579413
0.0006579413
0.0006579413
0.0006579413
0.0006579413
0.0006579413
0.0006579413
0.0006579413
0.0006579413
0.0006579413
0.0006316237
0.0006316237
0.0006316237
0.0006316237
0.0006316237
0.0006316237
0.0006316237
0.0006316237
0.0006316237
0.0006316237
0.0006316237
0.0006316237
0.0006316237
0.0006316237
0.0006316237
0.0006316237
0.0006316237
0.0006316237
0.0006316237
0.0006316237
0.0006316237
0.0006316237
0.0006316237
0.0006316237
0.0006316237
0.0006316237
0.0006316237
0.0006316237
0.0006316237
0.000605306
0.000605306
0.000605306
0.000605306
0.000605306
0.000605306
0.000605306
0.000605306
0.000605306
0.000605306
0.000605306
0.000605306
0.000605306
0.000605306
0.000605306
0.000605306
0.000605306
0.000605306
0.000605306
0.000605306
0.000605306
0.000605306
0.000605306
0.000605306
0.000605306
0.000605306
0.000605306
0.000605306
0.0005789884
0.0005789884
0.0005789884
0.0005789884
0.0005789884
0.0005789884
0.0005789884
0.0005789884
0.0005789884
0.0005789884
0.0005789884
0.0005789884
0.0005789884
0.0005789884
0.0005789884
0.0005789884
0.0005789884
0.0005789884
0.0005789884
0.0005789884
0.0005789884
0.0005789884
0.0005789884
0.0005789884
0.0005789884
0.0005789884
0.0005789884
0.0005789884
0.0005789884
0.0005789884
0.0005526707
0.0005526707
0.0005526707
0.0005526707
0.0005526707
0.0005526707
0.0005526707
0.0005526707
0.0005526707
0.0005526707
0.0005526707
0.0005526707
0.0005526707
0.0005526707
0.0005526707
0.0005526707
0.0005526707
0.0005526707
0.0005526707
0.0005526707
0.0005526707
0.0005526707
0.0005526707
0.0005526707
0.0005526707
0.0005526707
0.0005526707
0.0005263531
0.0005263531
0.0005263531
0.0005263531
0.0005263531
0.0005263531
0.0005263531
0.0005263531
0.0005263531
0.0005263531
0.0005263531
0.0005263531
0.0005263531
0.0005263531
0.0005263531
0.0005263531
0.0005263531
0.0005263531
0.0005263531
0.0005263531
0.0005263531
0.0005263531
0.0005263531
0.0005263531
0.0005263531
0.0005263531
0.0005263531
0.0005263531
0.0005263531
0.0005263531
0.0005263531
0.0005263531
0.0005263531
0.0005263531
0.0005263531
0.0005000354
0.0005000354
0.0005000354
0.0005000354
0.0005000354
0.0005000354
0.0005000354
0.0005000354
0.0005000354
0.0005000354
0.0005000354
0.0005000354
0.0005000354
0.0005000354
0.0005000354
0.0005000354
0.0005000354
0.0005000354
0.0005000354
0.0005000354
0.0005000354
0.0005000354
0.0005000354
0.0005000354
0.0005000354
0.0005000354
0.0005000354
0.0005000354
0.0005000354
0.0005000354
0.0005000354
0.0005000354
0.0005000354
0.0005000354
0.0005000354
0.0005000354
0.0005000354
0.0005000354
0.0005000354
0.0005000354
0.0004737177
0.0004737177
0.0004737177
0.0004737177
0.0004737177
0.0004737177
0.0004737177
0.0004737177
0.0004737177
0.0004737177
0.0004737177
0.0004737177
0.0004737177
0.0004737177
0.0004737177
0.0004737177
0.0004737177
0.0004737177
0.0004737177
0.0004737177
0.0004737177
0.0004737177
0.0004737177
0.0004737177
0.0004737177
0.0004737177
0.0004737177
0.0004737177
0.0004737177
0.0004737177
0.0004737177
0.0004737177
0.0004737177
0.0004737177
0.0004737177
0.0004737177
0.0004737177
0.0004737177
0.0004737177
0.0004737177
0.0004737177
0.0004737177
0.0004474001
0.0004474001
0.0004474001
0.0004474001
0.0004474001
0.0004474001
0.0004474001
0.0004474001
0.0004474001
0.0004474001
0.0004474001
0.0004474001
0.0004474001
0.0004474001
0.0004474001
0.0004474001
0.0004474001
0.0004474001
0.0004474001
0.0004474001
0.0004474001
0.0004474001
0.0004474001
0.0004474001
0.0004474001
0.0004474001
0.0004474001
0.0004474001
0.0004474001
0.0004474001
0.0004474001
0.0004474001
0.0004474001
0.0004474001
0.0004474001
0.0004474001
0.0004474001
0.0004474001
0.0004474001
0.0004474001
0.0004474001
0.0004474001
0.0004210825
0.0004210825
0.0004210825
0.0004210825
0.0004210825
0.0004210825
0.0004210825
0.0004210825
0.0004210825
0.0004210825
0.0004210825
0.0004210825
0.0004210825
0.0004210825
0.0004210825
0.0004210825
0.0004210825
0.0004210825
0.0004210825
0.0004210825
0.0004210825
0.0004210825
0.0004210825
0.0004210825
0.0004210825
0.0004210825
0.0004210825
0.0004210825
0.0004210825
0.0004210825
0.0004210825
0.0004210825
0.0004210825
0.0004210825
0.0004210825
0.0004210825
0.0004210825
0.0004210825
0.0004210825
0.0004210825
0.0004210825
0.0004210825
0.0004210825
0.0004210825
0.0004210825
0.0004210825
0.0004210825
0.0004210825
0.0004210825
0.0004210825
0.0004210825
0.0004210825
0.0004210825
0.0003947648
0.0003947648
0.0003947648
0.0003947648
0.0003947648
0.0003947648
0.0003947648
0.0003947648
0.0003947648
0.0003947648
0.0003947648
0.0003947648
0.0003947648
0.0003947648
0.0003947648
0.0003947648
0.0003947648
0.0003947648
0.0003947648
0.0003947648
0.0003947648
0.0003947648
0.0003947648
0.0003947648
0.0003947648
0.0003947648
0.0003947648
0.0003947648
0.0003947648
0.0003947648
0.0003947648
0.0003947648
0.0003947648
0.0003947648
0.0003947648
0.0003947648
0.0003947648
0.0003947648
0.0003947648
0.0003947648
0.0003684471
0.0003684471
0.0003684471
0.0003684471
0.0003684471
0.0003684471
0.0003684471
0.0003684471
0.0003684471
0.0003684471
0.0003684471
0.0003684471
0.0003684471
0.0003684471
0.0003684471
0.0003684471
0.0003684471
0.0003684471
0.0003684471
0.0003684471
0.0003684471
0.0003684471
0.0003684471
0.0003684471
0.0003684471
0.0003684471
0.0003684471
0.0003684471
0.0003684471
0.0003684471
0.0003684471
0.0003684471
0.0003684471
0.0003684471
0.0003684471
0.0003684471
0.0003684471
0.0003684471
0.0003684471
0.0003684471
0.0003684471
0.0003684471
0.0003684471
0.0003684471
0.0003684471
0.0003684471
0.0003684471
0.0003684471
0.0003684471
0.0003684471
0.0003684471
0.0003684471
0.0003684471
0.0003421295
0.0003421295
0.0003421295
0.0003421295
0.0003421295
0.0003421295
0.0003421295
0.0003421295
0.0003421295
0.0003421295
0.0003421295
0.0003421295
0.0003421295
0.0003421295
0.0003421295
0.0003421295
0.0003421295
0.0003421295
0.0003421295
0.0003421295
0.0003421295
0.0003421295
0.0003421295
0.0003421295
0.0003421295
0.0003421295
0.0003421295
0.0003421295
0.0003421295
0.0003421295
0.0003421295
0.0003421295
0.0003421295
0.0003421295
0.0003421295
0.0003421295
0.0003421295
0.0003421295
0.0003421295
0.0003421295
0.0003421295
0.0003421295
0.0003421295
0.0003421295
0.0003421295
0.0003421295
0.0003421295
0.0003421295
0.0003421295
0.0003421295
0.0003421295
0.0003158118
0.0003158118
0.0003158118
0.0003158118
0.0003158118
0.0003158118
0.0003158118
0.0003158118
0.0003158118
0.0003158118
0.0003158118
0.0003158118
0.0003158118
0.0003158118
0.0003158118
0.0003158118
0.0003158118
0.0003158118
0.0003158118
0.0003158118
0.0003158118
0.0003158118
0.0003158118
0.0003158118
0.0003158118
0.0003158118
0.0003158118
0.0003158118
0.0003158118
0.0003158118
0.0003158118
0.0003158118
0.0003158118
0.0003158118
0.0003158118
0.0003158118
0.0003158118
0.0003158118
0.0003158118
0.0003158118
0.0003158118
0.0003158118
0.0003158118
0.0003158118
0.0003158118
0.0003158118
0.0003158118
0.0003158118
0.0003158118
0.0003158118
0.0003158118
0.0003158118
0.0003158118
0.0003158118
0.0003158118
0.0003158118
0.0003158118
0.0003158118
0.0003158118
0.0003158118
0.0003158118
0.0003158118
0.0003158118
0.0003158118
0.0003158118
0.0003158118
0.0003158118
0.0003158118
0.0003158118
0.0002894942
0.0002894942
0.0002894942
0.0002894942
0.0002894942
0.0002894942
0.0002894942
0.0002894942
0.0002894942
0.0002894942
0.0002894942
0.0002894942
0.0002894942
0.0002894942
0.0002894942
0.0002894942
0.0002894942
0.0002894942
0.0002894942
0.0002894942
0.0002894942
0.0002894942
0.0002894942
0.0002894942
0.0002894942
0.0002894942
0.0002894942
0.0002894942
0.0002894942
0.0002894942
0.0002894942
0.0002894942
0.0002894942
0.0002894942
0.0002894942
0.0002894942
0.0002894942
0.0002894942
0.0002894942
0.0002894942
0.0002894942
0.0002894942
0.0002894942
0.0002894942
0.0002894942
0.0002894942
0.0002894942
0.0002894942
0.0002894942
0.0002894942
0.0002894942
0.0002894942
0.0002894942
0.0002894942
0.0002894942
0.0002894942
0.0002894942
0.0002894942
0.0002894942
0.0002894942
0.0002894942
0.0002894942
0.0002631765
0.0002631765
0.0002631765
0.0002631765
0.0002631765
0.0002631765
0.0002631765
0.0002631765
0.0002631765
0.0002631765
0.0002631765
0.0002631765
0.0002631765
0.0002631765
0.0002631765
0.0002631765
0.0002631765
0.0002631765
0.0002631765
0.0002631765
0.0002631765
0.0002631765
0.0002631765
0.0002631765
0.0002631765
0.0002631765
0.0002631765
0.0002631765
0.0002631765
0.0002631765
0.0002631765
0.0002631765
0.0002631765
0.0002631765
0.0002631765
0.0002631765
0.0002631765
0.0002631765
0.0002631765
0.0002631765
0.0002631765
0.0002631765
0.0002631765
0.0002631765
0.0002631765
0.0002631765
0.0002631765
0.0002631765
0.0002631765
0.0002631765
0.0002631765
0.0002631765
0.0002631765
0.0002631765
0.0002631765
0.0002631765
0.0002631765
0.0002631765
0.0002631765
0.0002631765
0.0002631765
0.0002631765
0.0002631765
0.0002631765
0.0002631765
0.0002631765
0.0002631765
0.0002631765
0.0002631765
0.0002368589
0.0002368589
0.0002368589
0.0002368589
0.0002368589
0.0002368589
0.0002368589
0.0002368589
0.0002368589
0.0002368589
0.0002368589
0.0002368589
0.0002368589
0.0002368589
0.0002368589
0.0002368589
0.0002368589
0.0002368589
0.0002368589
0.0002368589
0.0002368589
0.0002368589
0.0002368589
0.0002368589
0.0002368589
0.0002368589
0.0002368589
0.0002368589
0.0002368589
0.0002368589
0.0002368589
0.0002368589
0.0002368589
0.0002368589
0.0002368589
0.0002368589
0.0002368589
0.0002368589
0.0002368589
0.0002368589
0.0002368589
0.0002368589
0.0002368589
0.0002368589
0.0002368589
0.0002368589
0.0002368589
0.0002368589
0.0002368589
0.0002368589
0.0002368589
0.0002368589
0.0002368589
0.0002368589
0.0002368589
0.0002368589
0.0002368589
0.0002368589
0.0002368589
0.0002368589
0.0002368589
0.0002368589
0.0002368589
0.0002368589
0.0002368589
0.0002368589
0.0002368589
0.0002368589
0.0002368589
0.0002368589
0.0002368589
0.0002368589
0.0002368589
0.0002368589
0.0002368589
0.0002368589
0.0002368589
0.0002368589
0.0002368589
0.0002105412
0.0002105412
0.0002105412
0.0002105412
0.0002105412
0.0002105412
0.0002105412
0.0002105412
0.0002105412
0.0002105412
0.0002105412
0.0002105412
0.0002105412
0.0002105412
0.0002105412
0.0002105412
0.0002105412
0.0002105412
0.0002105412
0.0002105412
0.0002105412
0.0002105412
0.0002105412
0.0002105412
0.0002105412
0.0002105412
0.0002105412
0.0002105412
0.0002105412
0.0002105412
0.0002105412
0.0002105412
0.0002105412
0.0002105412
0.0002105412
0.0002105412
0.0002105412
0.0002105412
0.0002105412
0.0002105412
0.0002105412
0.0002105412
0.0002105412
0.0002105412
0.0002105412
0.0002105412
0.0002105412
0.0002105412
0.0002105412
0.0002105412
0.0002105412
0.0002105412
0.0002105412
0.0002105412
0.0002105412
0.0002105412
0.0002105412
0.0002105412
0.0002105412
0.0002105412
0.0002105412
0.0002105412
0.0002105412
0.0002105412
0.0002105412
0.0002105412
0.0002105412
0.0002105412
0.0002105412
0.0002105412
0.0002105412
0.0002105412
0.0002105412
0.0002105412
0.0002105412
0.0002105412
0.0002105412
0.0002105412
0.0002105412
0.0002105412
0.0002105412
0.0002105412
0.0002105412
0.0002105412
0.0002105412
0.0002105412
0.0002105412
0.0002105412
0.0002105412
0.0002105412
0.0002105412
0.0002105412
0.0002105412
0.0002105412
0.0002105412
0.0002105412
0.0002105412
0.0002105412
0.0002105412
0.0002105412
0.0002105412
0.0002105412
0.0002105412
0.0002105412
0.0001842236
0.0001842236
0.0001842236
0.0001842236
0.0001842236
0.0001842236
0.0001842236
0.0001842236
0.0001842236
0.0001842236
0.0001842236
0.0001842236
0.0001842236
0.0001842236
0.0001842236
0.0001842236
0.0001842236
0.0001842236
0.0001842236
0.0001842236
0.0001842236
0.0001842236
0.0001842236
0.0001842236
0.0001842236
0.0001842236
0.0001842236
0.0001842236
0.0001842236
0.0001842236
0.0001842236
0.0001842236
0.0001842236
0.0001842236
0.0001842236
0.0001842236
0.0001842236
0.0001842236
0.0001842236
0.0001842236
0.0001842236
0.0001842236
0.0001842236
0.0001842236
0.0001842236
0.0001842236
0.0001842236
0.0001842236
0.0001842236
0.0001842236
0.0001842236
0.0001842236
0.0001842236
0.0001842236
0.0001842236
0.0001842236
0.0001842236
0.0001842236
0.0001842236
0.0001842236
0.0001842236
0.0001842236
0.0001842236
0.0001842236
0.0001842236
0.0001842236
0.0001842236
0.0001842236
0.0001842236
0.0001842236
0.0001842236
0.0001842236
0.0001842236
0.0001842236
0.0001842236
0.0001842236
0.0001842236
0.0001842236
0.0001842236
0.0001842236
0.0001842236
0.0001842236
0.0001842236
0.0001842236
0.0001842236
0.0001842236
0.0001842236
0.0001842236
0.0001842236
0.0001842236
0.0001842236
0.0001842236
0.0001842236
0.0001842236
0.0001842236
0.0001842236
0.0001842236
0.0001842236
0.0001842236
0.0001579059
0.0001579059
0.0001579059
0.0001579059
0.0001579059
0.0001579059
0.0001579059
0.0001579059
0.0001579059
0.0001579059
0.0001579059
0.0001579059
0.0001579059
0.0001579059
0.0001579059
0.0001579059
0.0001579059
0.0001579059
0.0001579059
0.0001579059
0.0001579059
0.0001579059
0.0001579059
0.0001579059
0.0001579059
0.0001579059
0.0001579059
0.0001579059
0.0001579059
0.0001579059
0.0001579059
0.0001579059
0.0001579059
0.0001579059
0.0001579059
0.0001579059
0.0001579059
0.0001579059
0.0001579059
0.0001579059
0.0001579059
0.0001579059
0.0001579059
0.0001579059
0.0001579059
0.0001579059
0.0001579059
0.0001579059
0.0001579059
0.0001579059
0.0001579059
0.0001579059
0.0001579059
0.0001579059
0.0001579059
0.0001579059
0.0001579059
0.0001579059
0.0001579059
0.0001579059
0.0001579059
0.0001579059
0.0001579059
0.0001579059
0.0001579059
0.0001579059
0.0001579059
0.0001579059
0.0001579059
0.0001579059
0.0001579059
0.0001579059
0.0001579059
0.0001579059
0.0001579059
0.0001579059
0.0001579059
0.0001579059
0.0001579059
0.0001579059
0.0001579059
0.0001579059
0.0001579059
0.0001579059
0.0001579059
0.0001579059
0.0001579059
0.0001579059
0.0001579059
0.0001579059
0.0001579059
0.0001579059
0.0001579059
0.0001579059
0.0001579059
0.0001579059
0.0001579059
0.0001579059
0.0001579059
0.0001579059
0.0001579059
0.0001579059
0.0001579059
0.0001579059
0.0001579059
0.0001579059
0.0001579059
0.0001579059
0.0001579059
0.0001579059
0.0001579059
0.0001579059
0.0001579059
0.0001579059
0.0001579059
0.0001579059
0.0001579059
0.0001315883
0.0001315883
0.0001315883
0.0001315883
0.0001315883
0.0001315883
0.0001315883
0.0001315883
0.0001315883
0.0001315883
0.0001315883
0.0001315883
0.0001315883
0.0001315883
0.0001315883
0.0001315883
0.0001315883
0.0001315883
0.0001315883
0.0001315883
0.0001315883
0.0001315883
0.0001315883
0.0001315883
0.0001315883
0.0001315883
0.0001315883
0.0001315883
0.0001315883
0.0001315883
0.0001315883
0.0001315883
0.0001315883
0.0001315883
0.0001315883
0.0001315883
0.0001315883
0.0001315883
0.0001315883
0.0001315883
0.0001315883
0.0001315883
0.0001315883
0.0001315883
0.0001315883
0.0001315883
0.0001315883
0.0001315883
0.0001315883
0.0001315883
0.0001315883
0.0001315883
0.0001315883
0.0001315883
0.0001315883
0.0001315883
0.0001315883
0.0001315883
0.0001315883
0.0001315883
0.0001315883
0.0001315883
0.0001315883
0.0001315883
0.0001315883
0.0001315883
0.0001315883
0.0001315883
0.0001315883
0.0001315883
0.0001315883
0.0001315883
0.0001315883
0.0001315883
0.0001315883
0.0001315883
0.0001315883
0.0001315883
0.0001315883
0.0001315883
0.0001315883
0.0001315883
0.0001315883
0.0001315883
0.0001315883
0.0001315883
0.0001315883
0.0001315883
0.0001315883
0.0001315883
0.0001315883
0.0001315883
0.0001315883
0.0001315883
0.0001315883
0.0001315883
0.0001315883
0.0001315883
0.0001315883
0.0001315883
0.0001315883
0.0001315883
0.0001315883
0.0001315883
0.0001315883
0.0001315883
0.0001315883
0.0001315883
0.0001315883
0.0001315883
0.0001315883
0.0001315883
0.0001315883
0.0001315883
0.0001315883
0.0001315883
0.0001315883
0.0001315883
0.0001052706
0.0001052706
0.0001052706
0.0001052706
0.0001052706
0.0001052706
0.0001052706
0.0001052706
0.0001052706
0.0001052706
0.0001052706
0.0001052706
0.0001052706
0.0001052706
0.0001052706
0.0001052706
0.0001052706
0.0001052706
0.0001052706
0.0001052706
0.0001052706
0.0001052706
0.0001052706
0.0001052706
0.0001052706
0.0001052706
0.0001052706
0.0001052706
0.0001052706
0.0001052706
0.0001052706
0.0001052706
0.0001052706
0.0001052706
0.0001052706
0.0001052706
0.0001052706
0.0001052706
0.0001052706
0.0001052706
0.0001052706
0.0001052706
0.0001052706
0.0001052706
0.0001052706
0.0001052706
0.0001052706
0.0001052706
0.0001052706
0.0001052706
0.0001052706
0.0001052706
0.0001052706
0.0001052706
0.0001052706
0.0001052706
0.0001052706
0.0001052706
0.0001052706
0.0001052706
0.0001052706
0.0001052706
0.0001052706
0.0001052706
0.0001052706
0.0001052706
0.0001052706
0.0001052706
0.0001052706
0.0001052706
0.0001052706
0.0001052706
0.0001052706
0.0001052706
0.0001052706
0.0001052706
0.0001052706
0.0001052706
0.0001052706
0.0001052706
0.0001052706
0.0001052706
0.0001052706
0.0001052706
0.0001052706
0.0001052706
0.0001052706
0.0001052706
0.0001052706
0.0001052706
0.0001052706
0.0001052706
0.0001052706
0.0001052706
0.0001052706
0.0001052706
0.0001052706
0.0001052706
0.0001052706
0.0001052706
0.0001052706
0.0001052706
0.0001052706
0.0001052706
0.0001052706
0.0001052706
0.0001052706
0.0001052706
0.0001052706
0.0001052706
0.0001052706
0.0001052706
0.0001052706
0.0001052706
0.0001052706
0.0001052706
0.0001052706
0.0001052706
0.0001052706
0.0001052706
0.0001052706
0.0001052706
0.0001052706
0.0001052706
0.0001052706
0.0001052706
0.0001052706
0.0001052706
0.0001052706
0.0001052706
0.0001052706
0.0001052706
0.0001052706
0.0001052706
0.0001052706
0.0001052706
0.0001052706
0.0001052706
0.0001052706
0.0001052706
0.0001052706
0.0001052706
0.0001052706
0.0001052706
0.0001052706
0.0001052706
0.0001052706
0.0001052706
0.0001052706
0.0001052706
0.0001052706
0.0001052706
0.0001052706
0.0001052706
0.0001052706
0.0001052706
0.0001052706
0.0001052706
0.0001052706
0.0001052706
0.0001052706
0.0001052706
0.0001052706
0.0001052706
0.0001052706
0.0001052706
0.000078953
0.000078953
0.000078953
0.000078953
0.000078953
0.000078953
0.000078953
0.000078953
0.000078953
0.000078953
0.000078953
0.000078953
0.000078953
0.000078953
0.000078953
0.000078953
0.000078953
0.000078953
0.000078953
0.000078953
0.000078953
0.000078953
0.000078953
0.000078953
0.000078953
0.000078953
0.000078953
0.000078953
0.000078953
0.000078953
0.000078953
0.000078953
0.000078953
0.000078953
0.000078953
0.000078953
0.000078953
0.000078953
0.000078953
0.000078953
0.000078953
0.000078953
0.000078953
0.000078953
0.000078953
0.000078953
0.000078953
0.000078953
0.000078953
0.000078953
0.000078953
0.000078953
0.000078953
0.000078953
0.000078953
0.000078953
0.000078953
0.000078953
0.000078953
0.000078953
0.000078953
0.000078953
0.000078953
0.000078953
0.000078953
0.000078953
0.000078953
0.000078953
0.000078953
0.000078953
0.000078953
0.000078953
0.000078953
0.000078953
0.000078953
0.000078953
0.000078953
0.000078953
0.000078953
0.000078953
0.000078953
0.000078953
0.000078953
0.000078953
0.000078953
0.000078953
0.000078953
0.000078953
0.000078953
0.000078953
0.000078953
0.000078953
0.000078953
0.000078953
0.000078953
0.000078953
0.000078953
0.000078953
0.000078953
0.000078953
0.000078953
0.000078953
0.000078953
0.000078953
0.000078953
0.000078953
0.000078953
0.000078953
0.000078953
0.000078953
0.000078953
0.000078953
0.000078953
0.000078953
0.000078953
0.000078953
0.000078953
0.000078953
0.000078953
0.000078953
0.000078953
0.000078953
0.000078953
0.000078953
0.000078953
0.000078953
0.000078953
0.000078953
0.000078953
0.000078953
0.000078953
0.000078953
0.000078953
0.000078953
0.000078953
0.000078953
0.000078953
0.000078953
0.000078953
0.000078953
0.000078953
0.000078953
0.000078953
0.000078953
0.000078953
0.000078953
0.000078953
0.000078953
0.000078953
0.000078953
0.000078953
0.000078953
0.000078953
0.000078953
0.000078953
0.000078953
0.000078953
0.000078953
0.000078953
0.000078953
0.000078953
0.000078953
0.000078953
0.000078953
0.000078953
0.000078953
0.000078953
0.000078953
0.000078953
0.000078953
0.000078953
0.000078953
0.000078953
0.000078953
0.000078953
0.000078953
0.000078953
0.000078953
0.000078953
0.000078953
0.000078953
0.000078953
0.000078953
0.000078953
0.000078953
0.000078953
0.000078953
0.000078953
0.000078953
0.000078953
0.000078953
0.000078953
0.000078953
0.000078953
0.000078953
0.000078953
0.000078953
5.263531E-005
5.263531E-005
5.263531E-005
5.263531E-005
5.263531E-005
5.263531E-005
5.263531E-005
5.263531E-005
5.263531E-005
5.263531E-005
5.263531E-005
5.263531E-005
5.263531E-005
5.263531E-005
5.263531E-005
5.263531E-005
5.263531E-005
5.263531E-005
5.263531E-005
5.263531E-005
5.263531E-005
5.263531E-005
5.263531E-005
5.263531E-005
5.263531E-005
5.263531E-005
5.263531E-005
5.263531E-005
5.263531E-005
5.263531E-005
5.263531E-005
5.263531E-005
5.263531E-005
5.263531E-005
5.263531E-005
5.263531E-005
5.263531E-005
5.263531E-005
5.263531E-005
5.263531E-005
5.263531E-005
5.263531E-005
5.263531E-005
5.263531E-005
5.263531E-005
5.263531E-005
5.263531E-005
5.263531E-005
5.263531E-005
5.263531E-005
5.263531E-005
5.263531E-005
5.263531E-005
5.263531E-005
5.263531E-005
5.263531E-005
5.263531E-005
5.263531E-005
5.263531E-005
5.263531E-005
5.263531E-005
5.263531E-005
5.263531E-005
5.263531E-005
5.263531E-005
5.263531E-005
5.263531E-005
5.263531E-005
5.263531E-005
5.263531E-005
5.263531E-005
5.263531E-005
5.263531E-005
5.263531E-005
5.263531E-005
5.263531E-005
5.263531E-005
5.263531E-005
5.263531E-005
5.263531E-005
5.263531E-005
5.263531E-005
5.263531E-005
5.263531E-005
5.263531E-005
5.263531E-005
5.263531E-005
5.263531E-005
5.263531E-005
5.263531E-005
5.263531E-005
5.263531E-005
5.263531E-005
5.263531E-005
5.263531E-005
5.263531E-005
5.263531E-005
5.263531E-005
5.263531E-005
5.263531E-005
5.263531E-005
5.263531E-005
5.263531E-005
5.263531E-005
5.263531E-005
5.263531E-005
5.263531E-005
5.263531E-005
5.263531E-005
5.263531E-005
5.263531E-005
5.263531E-005
5.263531E-005
5.263531E-005
5.263531E-005
5.263531E-005
5.263531E-005
5.263531E-005
5.263531E-005
5.263531E-005
5.263531E-005
5.263531E-005
5.263531E-005
5.263531E-005
5.263531E-005
5.263531E-005
5.263531E-005
5.263531E-005
5.263531E-005
5.263531E-005
5.263531E-005
5.263531E-005
5.263531E-005
5.263531E-005
5.263531E-005
5.263531E-005
5.263531E-005
5.263531E-005
5.263531E-005
5.263531E-005
5.263531E-005
5.263531E-005
5.263531E-005
5.263531E-005
5.263531E-005
5.263531E-005
5.263531E-005
5.263531E-005
5.263531E-005
5.263531E-005
5.263531E-005
5.263531E-005
5.263531E-005
5.263531E-005
5.263531E-005
5.263531E-005
5.263531E-005
5.263531E-005
5.263531E-005
5.263531E-005
5.263531E-005
5.263531E-005
5.263531E-005
5.263531E-005
5.263531E-005
5.263531E-005
5.263531E-005
5.263531E-005
5.263531E-005
5.263531E-005
5.263531E-005
5.263531E-005
5.263531E-005
5.263531E-005
5.263531E-005
5.263531E-005
5.263531E-005
5.263531E-005
5.263531E-005
5.263531E-005
5.263531E-005
5.263531E-005
5.263531E-005
5.263531E-005
5.263531E-005
5.263531E-005
5.263531E-005
5.263531E-005
5.263531E-005
5.263531E-005
5.263531E-005
5.263531E-005
5.263531E-005
5.263531E-005
5.263531E-005
5.263531E-005
5.263531E-005
5.263531E-005
5.263531E-005
5.263531E-005
5.263531E-005
5.263531E-005
5.263531E-005
5.263531E-005
5.263531E-005
5.263531E-005
5.263531E-005
5.263531E-005
5.263531E-005
5.263531E-005
5.263531E-005
5.263531E-005
5.263531E-005
5.263531E-005
5.263531E-005
5.263531E-005
5.263531E-005
5.263531E-005
5.263531E-005
5.263531E-005
5.263531E-005
5.263531E-005
5.263531E-005
5.263531E-005
5.263531E-005
5.263531E-005
5.263531E-005
5.263531E-005
5.263531E-005
5.263531E-005
5.263531E-005
5.263531E-005
5.263531E-005
5.263531E-005
5.263531E-005
5.263531E-005
5.263531E-005
5.263531E-005
5.263531E-005
5.263531E-005
5.263531E-005
5.263531E-005
5.263531E-005
5.263531E-005
5.263531E-005
5.263531E-005
5.263531E-005
5.263531E-005
5.263531E-005
5.263531E-005
5.263531E-005
5.263531E-005
5.263531E-005
5.263531E-005
5.263531E-005
5.263531E-005
5.263531E-005
5.263531E-005
5.263531E-005
5.263531E-005
5.263531E-005
5.263531E-005
5.263531E-005
5.263531E-005
5.263531E-005
5.263531E-005
5.263531E-005
5.263531E-005
5.263531E-005
5.263531E-005
5.263531E-005
5.263531E-005
5.263531E-005
5.263531E-005
5.263531E-005
5.263531E-005
5.263531E-005
5.263531E-005
5.263531E-005
5.263531E-005
5.263531E-005
5.263531E-005
5.263531E-005
5.263531E-005
5.263531E-005
5.263531E-005
5.263531E-005
5.263531E-005
5.263531E-005
5.263531E-005
2.631765E-005
2.631765E-005
2.631765E-005
2.631765E-005
2.631765E-005
2.631765E-005
2.631765E-005
2.631765E-005
2.631765E-005
2.631765E-005
2.631765E-005
2.631765E-005
2.631765E-005
2.631765E-005
2.631765E-005
2.631765E-005
2.631765E-005
2.631765E-005
2.631765E-005
2.631765E-005
2.631765E-005
2.631765E-005
2.631765E-005
2.631765E-005
2.631765E-005
2.631765E-005
2.631765E-005
2.631765E-005
2.631765E-005
2.631765E-005
2.631765E-005
2.631765E-005
2.631765E-005
2.631765E-005
2.631765E-005
2.631765E-005
2.631765E-005
2.631765E-005
2.631765E-005
2.631765E-005
2.631765E-005
2.631765E-005
2.631765E-005
2.631765E-005
2.631765E-005
2.631765E-005
2.631765E-005
2.631765E-005
2.631765E-005
2.631765E-005
2.631765E-005
2.631765E-005
2.631765E-005
2.631765E-005
2.631765E-005
2.631765E-005
2.631765E-005
2.631765E-005
2.631765E-005
2.631765E-005
2.631765E-005
2.631765E-005
2.631765E-005
2.631765E-005
2.631765E-005
2.631765E-005
2.631765E-005
2.631765E-005
2.631765E-005
2.631765E-005
2.631765E-005
2.631765E-005
2.631765E-005
2.631765E-005
2.631765E-005
2.631765E-005
2.631765E-005
2.631765E-005
2.631765E-005
2.631765E-005
2.631765E-005
2.631765E-005
2.631765E-005
2.631765E-005
2.631765E-005
2.631765E-005
2.631765E-005
2.631765E-005
2.631765E-005
2.631765E-005
2.631765E-005
2.631765E-005
2.631765E-005
2.631765E-005
2.631765E-005
2.631765E-005
2.631765E-005
2.631765E-005
2.631765E-005
2.631765E-005
2.631765E-005
2.631765E-005
2.631765E-005
2.631765E-005
2.631765E-005
2.631765E-005
2.631765E-005
2.631765E-005
2.631765E-005
2.631765E-005
2.631765E-005
2.631765E-005
2.631765E-005
2.631765E-005
2.631765E-005
2.631765E-005
2.631765E-005
2.631765E-005
2.631765E-005
2.631765E-005
2.631765E-005
2.631765E-005
2.631765E-005
2.631765E-005
2.631765E-005
2.631765E-005
2.631765E-005
2.631765E-005
2.631765E-005
2.631765E-005
2.631765E-005
2.631765E-005
2.631765E-005
2.631765E-005
2.631765E-005
2.631765E-005
2.631765E-005
2.631765E-005
2.631765E-005
2.631765E-005
2.631765E-005
2.631765E-005
2.631765E-005
2.631765E-005
2.631765E-005
2.631765E-005
2.631765E-005
2.631765E-005
2.631765E-005
2.631765E-005
2.631765E-005
2.631765E-005
2.631765E-005
2.631765E-005
2.631765E-005
2.631765E-005
2.631765E-005
2.631765E-005
2.631765E-005
2.631765E-005
2.631765E-005
2.631765E-005
2.631765E-005
2.631765E-005
2.631765E-005
2.631765E-005
2.631765E-005
2.631765E-005
2.631765E-005
2.631765E-005
2.631765E-005
2.631765E-005
2.631765E-005
2.631765E-005
2.631765E-005
2.631765E-005
2.631765E-005
2.631765E-005
2.631765E-005
2.631765E-005
2.631765E-005
2.631765E-005
2.631765E-005
2.631765E-005
2.631765E-005
2.631765E-005
2.631765E-005
2.631765E-005
2.631765E-005
2.631765E-005
2.631765E-005
2.631765E-005
2.631765E-005
2.631765E-005
2.631765E-005
2.631765E-005
2.631765E-005
2.631765E-005
2.631765E-005
2.631765E-005
2.631765E-005
2.631765E-005
2.631765E-005
2.631765E-005
2.631765E-005
2.631765E-005
2.631765E-005
2.631765E-005
2.631765E-005
2.631765E-005
2.631765E-005
2.631765E-005
2.631765E-005
2.631765E-005
2.631765E-005
2.631765E-005
2.631765E-005
2.631765E-005
2.631765E-005
2.631765E-005
2.631765E-005
2.631765E-005
2.631765E-005
2.631765E-005
2.631765E-005
2.631765E-005
2.631765E-005
2.631765E-005
2.631765E-005
2.631765E-005
2.631765E-005
2.631765E-005
2.631765E-005
2.631765E-005
2.631765E-005
2.631765E-005
2.631765E-005
2.631765E-005
2.631765E-005
2.631765E-005
2.631765E-005
2.631765E-005
2.631765E-005
2.631765E-005
2.631765E-005
2.631765E-005
2.631765E-005
2.631765E-005
2.631765E-005
2.631765E-005
2.631765E-005
2.631765E-005
2.631765E-005
2.631765E-005
2.631765E-005
2.631765E-005
2.631765E-005
2.631765E-005
2.631765E-005
2.631765E-005
2.631765E-005
2.631765E-005
2.631765E-005
2.631765E-005
2.631765E-005
2.631765E-005
2.631765E-005
2.631765E-005
2.631765E-005
2.631765E-005
2.631765E-005
2.631765E-005
2.631765E-005
2.631765E-005
2.631765E-005
2.631765E-005
2.631765E-005
2.631765E-005
2.631765E-005
2.631765E-005
2.631765E-005
2.631765E-005
2.631765E-005
2.631765E-005
2.631765E-005
2.631765E-005
2.631765E-005
2.631765E-005
2.631765E-005
2.631765E-005
2.631765E-005
2.631765E-005
2.631765E-005
2.631765E-005
2.631765E-005
2.631765E-005
2.631765E-005
2.631765E-005
2.631765E-005
2.631765E-005
2.631765E-005
2.631765E-005
2.631765E-005
2.631765E-005
2.631765E-005
2.631765E-005
2.631765E-005
2.631765E-005
2.631765E-005
2.631765E-005
2.631765E-005
2.631765E-005
2.631765E-005
2.631765E-005
2.631765E-005
2.631765E-005
2.631765E-005
2.631765E-005
2.631765E-005
2.631765E-005
2.631765E-005
2.631765E-005
2.631765E-005
2.631765E-005
2.631765E-005
2.631765E-005
2.631765E-005
2.631765E-005
2.631765E-005
2.631765E-005
2.631765E-005
2.631765E-005
2.631765E-005
2.631765E-005
2.631765E-005
2.631765E-005
2.631765E-005
2.631765E-005
2.631765E-005
2.631765E-005
2.631765E-005
2.631765E-005
2.631765E-005
2.631765E-005
2.631765E-005
2.631765E-005
2.631765E-005
2.631765E-005
2.631765E-005
2.631765E-005
2.631765E-005
2.631765E-005
2.631765E-005
2.631765E-005
2.631765E-005
2.631765E-005
2.631765E-005
2.631765E-005
2.631765E-005
2.631765E-005
2.631765E-005
2.631765E-005
2.631765E-005
2.631765E-005
2.631765E-005
2.631765E-005
2.631765E-005
2.631765E-005
2.631765E-005
2.631765E-005
2.631765E-005
2.631765E-005
2.631765E-005
2.631765E-005
2.631765E-005
2.631765E-005
2.631765E-005
2.631765E-005
2.631765E-005
2.631765E-005
2.631765E-005
2.631765E-005
2.631765E-005
2.631765E-005
2.631765E-005
2.631765E-005
2.631765E-005
2.631765E-005
2.631765E-005
2.631765E-005
2.631765E-005
2.631765E-005
2.631765E-005
2.631765E-005
2.631765E-005
2.631765E-005
2.631765E-005
2.631765E-005
2.631765E-005
2.631765E-005
2.631765E-005
2.631765E-005
2.631765E-005
2.631765E-005
2.631765E-005
2.631765E-005
2.631765E-005
2.631765E-005
2.631765E-005
2.631765E-005
2.631765E-005
2.631765E-005
2.631765E-005
2.631765E-005
2.631765E-005
2.631765E-005
2.631765E-005
2.631765E-005
2.631765E-005
2.631765E-005
2.631765E-005
2.631765E-005
2.631765E-005
2.631765E-005
2.631765E-005
2.631765E-005
2.631765E-005
2.631765E-005
2.631765E-005
2.631765E-005
2.631765E-005
2.631765E-005
